# Matter power spectrum P(k) at redshift z=0
# for k=1.04523e-05 to 33.8029 h/Mpc,
# number of wavenumbers equal to 618
#    1:k (h/Mpc)              2:P (Mpc/h)^3        
       1.045229304439e-05       5.243431802884e+01 
       2.333599408213e-05       1.135366114658e+02 
       3.626502281110e-05       1.734980679826e+02 
       4.927418077803e-05       2.329924376791e+02 
       6.239884539552e-05       2.923989185233e+02 
       7.567528552670e-05       3.519991451915e+02 
       8.914098716499e-05       4.120323281913e+02 
       1.028349935423e-04       4.727177227944e+02 
       1.167982640323e-04       5.342661307193e+02 
       1.310740562481e-04       5.968868004804e+02 
       1.457083357420e-04       6.607921815747e+02 
       1.607502176512e-04       7.262015987375e+02 
       1.762524444589e-04       7.933443534443e+02 
       1.922719036640e-04       8.624625506041e+02 
       2.088701884959e-04       9.338137752334e+02 
       2.261142037266e-04       1.007673745470e+03 
       2.440768169626e-04       1.084338943012e+03 
       2.628375533136e-04       1.164129279669e+03 
       2.824833277735e-04       1.247390741320e+03 
       3.031092046648e-04       1.334498003010e+03 
       3.248191667246e-04       1.425856906051e+03 
       3.477268674359e-04       1.521906674058e+03 
       3.719563286558e-04       1.623121735861e+03 
       3.976425312097e-04       1.730012864596e+03 
       4.249318289298e-04       1.843127378191e+03 
       4.539820971567e-04       1.963048010150e+03 
       4.849625063594e-04       2.090390020015e+03 
       5.180527928243e-04       2.225796025204e+03 
       5.534418854605e-04       2.369928071669e+03 
       5.913257465464e-04       2.523456393172e+03 
       6.319043021330e-04       2.687044573085e+03 
       6.753773827663e-04       2.861330877062e+03 
       7.219396736340e-04       3.046906040270e+03 
       7.717747868926e-04       3.244288211574e+03 
       8.250487110013e-04       3.453896314108e+03 
       8.819030440561e-04       3.676023716614e+03 
       9.424485503543e-04       3.910814554817e+03 
       1.006759654799e-03       4.158245211587e+03 
       1.074870474682e-03       4.418113353839e+03 
       1.146772865869e-03       4.690036189990e+03 
       1.222416740758e-03       4.973458670324e+03 
       1.301712638121e-03       5.267671245375e+03 
       1.384536248788e-03       5.571819348869e+03 
       1.470734385419e-03       5.884953121608e+03 
       1.560131769587e-03       6.206092989432e+03 
       1.652538005660e-03       6.534199981850e+03 
       1.747754200121e-03       6.868229215036e+03 
       1.845578830925e-03       7.207154333399e+03 
       1.945812634716e-03       7.549986974626e+03 
       2.048262428239e-03       7.895791069874e+03 
       2.152743895540e-03       8.243692870534e+03 
       2.259083448384e-03       8.592886447025e+03 
       2.367119307023e-03       8.942637073127e+03 
       2.476701959997e-03       9.292278724347e+03 
       2.587694154215e-03       9.641213681161e+03 
       2.699970548357e-03       9.988908697988e+03 
       2.813417139940e-03       1.033489160684e+04 
       2.927930553245e-03       1.067874331634e+04 
       3.043417254226e-03       1.102009870834e+04 
       3.159792740559e-03       1.135863617242e+04 
       3.276980740442e-03       1.169407789336e+04 
       3.394912442439e-03       1.202617997162e+04 
       3.513525770147e-03       1.235473486872e+04 
       3.632764709272e-03       1.267956143746e+04 
       3.752578690276e-03       1.300050626716e+04 
       3.872922026803e-03       1.331743557537e+04 
       3.993753408099e-03       1.363024516356e+04 
       4.115035442455e-03       1.393883745409e+04 
       4.236734248023e-03       1.424313397606e+04 
       4.358819087074e-03       1.454307471963e+04 
       4.481262039678e-03       1.483860813967e+04 
       4.604037712957e-03       1.512969663429e+04 
       4.727122982211e-03       1.541630482679e+04 
       4.850496760511e-03       1.569838145410e+04 
       4.974139793653e-03       1.597599181355e+04 
       5.098034477620e-03       1.624906514918e+04 
       5.222164696023e-03       1.651761842432e+04 
       5.346515675241e-03       1.678173873521e+04 
       5.471073855234e-03       1.704134223733e+04 
       5.595826774228e-03       1.729647822938e+04 
       5.720762965695e-03       1.754714364234e+04 
       5.845871866206e-03       1.779285895221e+04 
       5.971143732926e-03       1.803464116538e+04 
       6.096569569658e-03       1.827201575928e+04 
       6.222141060470e-03       1.850502176824e+04 
       6.347850510052e-03       1.873368827867e+04 
       6.473690790065e-03       1.895800624118e+04 
       6.599655290808e-03       1.917804782335e+04 
       6.725737877634e-03       1.939391975968e+04 
       6.851932851590e-03       1.960552188422e+04 
       6.978234913833e-03       1.981310578281e+04 
       7.104639133423e-03       2.001655358431e+04 
       7.231140918132e-03       2.021589527200e+04 
       7.357735987954e-03       2.041108051306e+04 
       7.484420351043e-03       2.060279317855e+04 
       7.611190281834e-03       2.079006495113e+04 
       7.738042301111e-03       2.097387663241e+04 
       7.864973157843e-03       2.115332970607e+04 
       7.991979812612e-03       2.132901768249e+04 
       8.119059422467e-03       2.150099962607e+04 
       8.246209327077e-03       2.166890456609e+04 
       8.373427036054e-03       2.183356626005e+04 
       8.500710217333e-03       2.199512118768e+04 
       8.628056686518e-03       2.215222732453e+04 
       8.755464397097e-03       2.230577056665e+04 
       8.882931431451e-03       2.245573666276e+04 
       9.010455992584e-03       2.260217737981e+04 
       9.138036396503e-03       2.274425119085e+04 
       9.265671065209e-03       2.288383672329e+04 
       9.393358520223e-03       2.302005119494e+04 
       9.521097376615e-03       2.315256354260e+04 
       9.648886337488e-03       2.328286940122e+04 
       9.776724188882e-03       2.340781403476e+04 
       9.904609795058e-03       2.353184032415e+04 
       1.003254209413e-02       2.365059271936e+04 
       1.016052009404e-02       2.376701868419e+04 
       1.028854286880e-02       2.388022008948e+04 
       1.041660955499e-02       2.399047215087e+04 
       1.054471934861e-02       2.409847785943e+04 
       1.067287150201e-02       2.420257956264e+04 
       1.080106532119e-02       2.430364274718e+04 
       1.092930016314e-02       2.440170613462e+04 
       1.105757543351e-02       2.449628776474e+04 
       1.118589058435e-02       2.458794788995e+04 
       1.131424511205e-02       2.467799010099e+04 
       1.144263855542e-02       2.476452373995e+04 
       1.157107049385e-02       2.484802314651e+04 
       1.169954054574e-02       2.492933282531e+04 
       1.182804836683e-02       2.500840451844e+04 
       1.195659364888e-02       2.508289945769e+04 
       1.208517611822e-02       2.515689136231e+04 
       1.221379553459e-02       2.522708960738e+04 
       1.234245168991e-02       2.529489099965e+04 
       1.247114440726e-02       2.536014963080e+04 
       1.259987353984e-02       2.542266451376e+04 
       1.272863897008e-02       2.548138715522e+04 
       1.285744060873e-02       2.554024212076e+04 
       1.298627839411e-02       2.559546339344e+04 
       1.311515229133e-02       2.564812189676e+04 
       1.324406229166e-02       2.569729412446e+04 
       1.337300841183e-02       2.574525405245e+04 
       1.350199069352e-02       2.579238321366e+04 
       1.363100920278e-02       2.583564379369e+04 
       1.376006402957e-02       2.587553070661e+04 
       1.388915528727e-02       2.591430865367e+04 
       1.401828311234e-02       2.595116540452e+04 
       1.414744766388e-02       2.598602910944e+04 
       1.427664912335e-02       2.601905081151e+04 
       1.440588769424e-02       2.604934754413e+04 
       1.453516360181e-02       2.607717509182e+04 
       1.466447709284e-02       2.610224643755e+04 
       1.479382843546e-02       2.612655228578e+04 
       1.492321791892e-02       2.614921250377e+04 
       1.505264585349e-02       2.616837042096e+04 
       1.518211257029e-02       2.618669254870e+04 
       1.531161842122e-02       2.620302689287e+04 
       1.544116377884e-02       2.621724089991e+04 
       1.557074903639e-02       2.622876074156e+04 
       1.570037460768e-02       2.623915056727e+04 
       1.583004092713e-02       2.624837924074e+04 
       1.595974844975e-02       2.625514453736e+04 
       1.608949765120e-02       2.626031277803e+04 
       1.621928902784e-02       2.626251930838e+04 
       1.634912309675e-02       2.626393569720e+04 
       1.647900039591e-02       2.626363574015e+04 
       1.660892148421e-02       2.626167526093e+04 
       1.673888694166e-02       2.625803674590e+04 
       1.686889736949e-02       2.625247174402e+04 
       1.699895339030e-02       2.624588946311e+04 
       1.712905564829e-02       2.623759563633e+04 
       1.725920480941e-02       2.622708231150e+04 
       1.738940156161e-02       2.621569361999e+04 
       1.751964661502e-02       2.620251290149e+04 
       1.764994070227e-02       2.618877034815e+04 
       1.778028457869e-02       2.617161860993e+04 
       1.791067902262e-02       2.615439244416e+04 
       1.804112483570e-02       2.613514672553e+04 
       1.817162284318e-02       2.611489088594e+04 
       1.830217389428e-02       2.609301106919e+04 
       1.843277886250e-02       2.606955304074e+04 
       1.856343864598e-02       2.604504753037e+04 
       1.869415416794e-02       2.601912594900e+04 
       1.882492637700e-02       2.599238321173e+04 
       1.895575624765e-02       2.596358561133e+04 
       1.908664478066e-02       2.593415070585e+04 
       1.921759300355e-02       2.590344771255e+04 
       1.934860197102e-02       2.587062117795e+04 
       1.947967276548e-02       2.583779168187e+04 
       1.961080649751e-02       2.580316187123e+04 
       1.974200430643e-02       2.576714538419e+04 
       1.987326736081e-02       2.573008367282e+04 
       2.000459685904e-02       2.569202547723e+04 
       2.013599402989e-02       2.565278899484e+04 
       2.026746013317e-02       2.561242095225e+04 
       2.039899646027e-02       2.557198526341e+04 
       2.053060433487e-02       2.552885943206e+04 
       2.066228511357e-02       2.548620483997e+04 
       2.079404018659e-02       2.544106803289e+04 
       2.092587097845e-02       2.539569096103e+04 
       2.105777894874e-02       2.534941655335e+04 
       2.118976559286e-02       2.530230819008e+04 
       2.132183244276e-02       2.525389737199e+04 
       2.145398106783e-02       2.520509434345e+04 
       2.158621307562e-02       2.515460939545e+04 
       2.171853011279e-02       2.510369086219e+04 
       2.185093386594e-02       2.505186854241e+04 
       2.198342606252e-02       2.499979249084e+04 
       2.211600847180e-02       2.494577944829e+04 
       2.224868290581e-02       2.489145154516e+04 
       2.238145122033e-02       2.483630810473e+04 
       2.251431531596e-02       2.478038590903e+04 
       2.264727713914e-02       2.472420759119e+04 
       2.278033868326e-02       2.466636200563e+04 
       2.291350198979e-02       2.460824115957e+04 
       2.304676914943e-02       2.454965142925e+04 
       2.318014230334e-02       2.448976629445e+04 
       2.331362364435e-02       2.442961729592e+04 
       2.344721541825e-02       2.436872191872e+04 
       2.358091992509e-02       2.430761969841e+04 
       2.371473952058e-02       2.424491379070e+04 
       2.384867661744e-02       2.418208045188e+04 
       2.398273368688e-02       2.411858502057e+04 
       2.411691326009e-02       2.405462037664e+04 
       2.425121792978e-02       2.398995031749e+04 
       2.438565035176e-02       2.392479714900e+04 
       2.452021324658e-02       2.385906140667e+04 
       2.465490940125e-02       2.379295380187e+04 
       2.478974167097e-02       2.372583395886e+04 
       2.492471298095e-02       2.365857799096e+04 
       2.505982632824e-02       2.359073978506e+04 
       2.519508478374e-02       2.352246616637e+04 
       2.533049149411e-02       2.345400206577e+04 
       2.546604968385e-02       2.338447974950e+04 
       2.560176265749e-02       2.331478202884e+04 
       2.573763380171e-02       2.324487653144e+04 
       2.587366658766e-02       2.317451358222e+04 
       2.600986457329e-02       2.310356335726e+04 
       2.614623140583e-02       2.303183007403e+04 
       2.628277082425e-02       2.296028903132e+04 
       2.641948666190e-02       2.288817158539e+04 
       2.655638284922e-02       2.281577788439e+04 
       2.669346341650e-02       2.274295051521e+04 
       2.683073249678e-02       2.266973576888e+04 
       2.696819432888e-02       2.259615318583e+04 
       2.710585326045e-02       2.252252213289e+04 
       2.724371375123e-02       2.244838001980e+04 
       2.738178037634e-02       2.237385214043e+04 
       2.752005782978e-02       2.229938069029e+04 
       2.765855092799e-02       2.222430313449e+04 
       2.779726461354e-02       2.214929500597e+04 
       2.793620395903e-02       2.207382786131e+04 
       2.807537417108e-02       2.199788241010e+04 
       2.821478059443e-02       2.192222969553e+04 
       2.835442871633e-02       2.184592515558e+04 
       2.849432417097e-02       2.176965882010e+04 
       2.863447274412e-02       2.169293554908e+04 
       2.877488037802e-02       2.161619451854e+04 
       2.891555317633e-02       2.153924842406e+04 
       2.905649740942e-02       2.146216023737e+04 
       2.919771951976e-02       2.138491876010e+04 
       2.933922612759e-02       2.130759865309e+04 
       2.948102403680e-02       2.122979305326e+04 
       2.962312024108e-02       2.115205934070e+04 
       2.976552193026e-02       2.107420105620e+04 
       2.990823649696e-02       2.099629633767e+04 
       3.005127154355e-02       2.091807623385e+04 
       3.019463488934e-02       2.083988276197e+04 
       3.033833457811e-02       2.076157850406e+04 
       3.048237888600e-02       2.068312697881e+04 
       3.062677632964e-02       2.060484473084e+04 
       3.077153567476e-02       2.052601315179e+04 
       3.091666594512e-02       2.044740138872e+04 
       3.106217643184e-02       2.036862196278e+04 
       3.120807670313e-02       2.029000055942e+04 
       3.135437661455e-02       2.021104134318e+04 
       3.150108631963e-02       2.013219977584e+04 
       3.164821628107e-02       2.005329517135e+04 
       3.179577728241e-02       1.997415552310e+04 
       3.194378044028e-02       1.989517566706e+04 
       3.209223721725e-02       1.981615271538e+04 
       3.224115943524e-02       1.973700985933e+04 
       3.239055928961e-02       1.965806633507e+04 
       3.254044936403e-02       1.957896039557e+04 
       3.269084264592e-02       1.949971348319e+04 
       3.284175254279e-02       1.942074214135e+04 
       3.299319289938e-02       1.934167672317e+04 
       3.314517801567e-02       1.926245161265e+04 
       3.329772266578e-02       1.918334039831e+04 
       3.345084211793e-02       1.910439372908e+04 
       3.360455215541e-02       1.902531552910e+04 
       3.375886909866e-02       1.894624694763e+04 
       3.391380982856e-02       1.886737865251e+04 
       3.406939181099e-02       1.878838578465e+04 
       3.422563312272e-02       1.870940396629e+04 
       3.438255247874e-02       1.863049552430e+04 
       3.454016926119e-02       1.855167182402e+04 
       3.469850354982e-02       1.847289058825e+04 
       3.485757615429e-02       1.839404846273e+04 
       3.501740864837e-02       1.831526248748e+04 
       3.517802340602e-02       1.823663381502e+04 
       3.533944363978e-02       1.815799047044e+04 
       3.550169344135e-02       1.807939517085e+04 
       3.566479782473e-02       1.800088048888e+04 
       3.582878277193e-02       1.792239010643e+04 
       3.599367528163e-02       1.784402743469e+04 
       3.615950342082e-02       1.776559260709e+04 
       3.632629637984e-02       1.768740853204e+04 
       3.649408453089e-02       1.760908326938e+04 
       3.666289949047e-02       1.753098338411e+04 
       3.683277418587e-02       1.745278295865e+04 
       3.700374292622e-02       1.737484223376e+04 
       3.717584147836e-02       1.729675466031e+04 
       3.734910714790e-02       1.721882735992e+04 
       3.752357886606e-02       1.714100344519e+04 
       3.769929728257e-02       1.706313376915e+04 
       3.787630486532e-02       1.698531812955e+04 
       3.805464600725e-02       1.690762090178e+04 
       3.823436714120e-02       1.682996597934e+04 
       3.841551686330e-02       1.675231452545e+04 
       3.859814606585e-02       1.667472784728e+04 
       3.878230808040e-02       1.659726656767e+04 
       3.896805883211e-02       1.651977386619e+04 
       3.915545700634e-02       1.644228088820e+04 
       3.934456422877e-02       1.636485732457e+04 
       3.953544526030e-02       1.628751281925e+04 
       3.972816820820e-02       1.621011780932e+04 
       3.992280475515e-02       1.613281251366e+04 
       4.011943040803e-02       1.605555677307e+04 
       4.031812476851e-02       1.597826040132e+04 
       4.051897182769e-02       1.590090874756e+04 
       4.072206028747e-02       1.582361459097e+04 
       4.092748391152e-02       1.574648013506e+04 
       4.113534190913e-02       1.566907733446e+04 
       4.134573935570e-02       1.559181705707e+04 
       4.155878765414e-02       1.551446778794e+04 
       4.177460504182e-02       1.543699163241e+04 
       4.199331714874e-02       1.535958246482e+04 
       4.221505761294e-02       1.528216230956e+04 
       4.243996876047e-02       1.520458475597e+04 
       4.266820235786e-02       1.512702827376e+04 
       4.289992044668e-02       1.504933927292e+04 
       4.313529627077e-02       1.497153191354e+04 
       4.337451530876e-02       1.489347035269e+04 
       4.361777642621e-02       1.481559500322e+04 
       4.386529316415e-02       1.473733277155e+04 
       4.411729518348e-02       1.465905375480e+04 
       4.437402988804e-02       1.458046737327e+04 
       4.463576425297e-02       1.450179262972e+04 
       4.490278688978e-02       1.442292158006e+04 
       4.517541038490e-02       1.434377260036e+04 
       4.545397395568e-02       1.426430419104e+04 
       4.573884647548e-02       1.418458706743e+04 
       4.603042992982e-02       1.410459032518e+04 
       4.632916337758e-02       1.402430166390e+04 
       4.663552750581e-02       1.394385539871e+04 
       4.695004988546e-02       1.386247186843e+04 
       4.727331105731e-02       1.378088972433e+04 
       4.760595160560e-02       1.369873671449e+04 
       4.794868041144e-02       1.361615722503e+04 
       4.830228432153e-02       1.353316480444e+04 
       4.866763952197e-02       1.344916420530e+04 
       4.904572497566e-02       1.336480072342e+04 
       4.943763836844e-02       1.327951016863e+04 
       4.984461511893e-02       1.319290235783e+04 
       5.026805114695e-02       1.310570156324e+04 
       5.070953027356e-02       1.301790105321e+04 
       5.117085735283e-02       1.292816367589e+04 
       5.165409852456e-02       1.283783216808e+04 
       5.216163034395e-02       1.274576840580e+04 
       5.269620000442e-02       1.265172359122e+04 
       5.326099944014e-02       1.255578397654e+04 
       5.385975677983e-02       1.245821369949e+04 
       5.449684940627e-02       1.235731775158e+04 
       5.517744368190e-02       1.225464766536e+04 
       5.590766703332e-02       1.214775870957e+04 
       5.669481810402e-02       1.203690735172e+04 
       5.754761915683e-02       1.192111219551e+04 
       5.847650999830e-02       1.179936422792e+04 
       5.949397095814e-02       1.167012631068e+04 
       6.061483784711e-02       1.153175482893e+04 
       6.185652490882e-02       1.138108183194e+04 
       6.323899109932e-02       1.121479619800e+04 
       6.478416611987e-02       1.102912842222e+04 
       6.651442599854e-02       1.081707242434e+04 
       6.844969459733e-02       1.057299874765e+04 
       7.060310282212e-02       1.028851609124e+04 
       7.297611186297e-02       9.958643141529e+03 
       7.555530159516e-02       9.580533836786e+03 
       7.831329487709e-02       9.158117752807e+03 
       8.121425378288e-02       8.701290321257e+03 
       8.422131690539e-02       8.226255590689e+03 
       8.730241681423e-02       7.751721574975e+03 
       9.043281947554e-02       7.295906196630e+03 
       9.359498935992e-02       6.874155258802e+03 
       9.677718169444e-02       6.497537141064e+03 
       9.997181668838e-02       6.172003490638e+03 
       1.031741165767e-01       5.898892388137e+03 
       1.063811137965e-01       5.674889834229e+03 
       1.095909817395e-01       5.494203858687e+03 
       1.128026022205e-01       5.348457871186e+03 
       1.160152929310e-01       5.227969759935e+03 
       1.192286382739e-01       5.122896391360e+03 
       1.224423853148e-01       5.023638360876e+03 
       1.256563801312e-01       4.922059353636e+03 
       1.288705290038e-01       4.811804545987e+03 
       1.320847747995e-01       4.689291502560e+03 
       1.352990826164e-01       4.553164418957e+03 
       1.385134310644e-01       4.404564640348e+03 
       1.417278069700e-01       4.246860673093e+03 
       1.449422021614e-01       4.084239233878e+03 
       1.481566115158e-01       3.922005723972e+03 
       1.513710317737e-01       3.765023092445e+03 
       1.545854608180e-01       3.617560192353e+03 
       1.577998972358e-01       3.483012737678e+03 
       1.610143400508e-01       3.363496818142e+03 
       1.642287885611e-01       3.259840576592e+03 
       1.674432422393e-01       3.171629785095e+03 
       1.706577006711e-01       3.097408100932e+03 
       1.738721635176e-01       3.034959739615e+03 
       1.770866304921e-01       2.981444544914e+03 
       1.803011013449e-01       2.933950448624e+03 
       1.835155758541e-01       2.889595381934e+03 
       1.867300538193e-01       2.845938340083e+03 
       1.899445350576e-01       2.800305039693e+03 
       1.931590194004e-01       2.750948484191e+03 
       1.963735066919e-01       2.697111359744e+03 
       1.995879967871e-01       2.638687573658e+03 
       2.028024895507e-01       2.576348953499e+03 
       2.060169848565e-01       2.511412026849e+03 
       2.092314825861e-01       2.445488623002e+03 
       2.124459826283e-01       2.380077015551e+03 
       2.156604848790e-01       2.316840905188e+03 
       2.188749892401e-01       2.256954943932e+03 
       2.220894956192e-01       2.201319106622e+03 
       2.253040039292e-01       2.150582540874e+03 
       2.285185140883e-01       2.104921896224e+03 
       2.317330260187e-01       2.064276363743e+03 
       2.349475396474e-01       2.028257441259e+03 
       2.381620549052e-01       1.996268298838e+03 
       2.413765717264e-01       1.967403584028e+03 
       2.445910900491e-01       1.940729357694e+03 
       2.478056098144e-01       1.915279295181e+03 
       2.510201309666e-01       1.890171363729e+03 
       2.542346534528e-01       1.865158128268e+03 
       2.574491772226e-01       1.838785281063e+03 
       2.606637022283e-01       1.811336226128e+03 
       2.638782284244e-01       1.782727411978e+03 
       2.670927557677e-01       1.753158705448e+03 
       2.703072842171e-01       1.722870114072e+03 
       2.735218137332e-01       1.692264932843e+03 
       2.767363442788e-01       1.661842909140e+03 
       2.799508758181e-01       1.632079050706e+03 
       2.831654083172e-01       1.603430978371e+03 
       2.863799417435e-01       1.576296498422e+03 
       2.895944760659e-01       1.550882754080e+03 
       2.928090112549e-01       1.527311421406e+03 
       2.960235472819e-01       1.505555830204e+03 
       2.992380841200e-01       1.485460516810e+03 
       3.024526217430e-01       1.466802798730e+03 
       3.056671601261e-01       1.449334947926e+03 
       3.088816992454e-01       1.432755084341e+03 
       3.120962390780e-01       1.416804185173e+03 
       3.153107796021e-01       1.401226235889e+03 
       3.185253207966e-01       1.385744280319e+03 
       3.217398626413e-01       1.370191668516e+03 
       3.249544051168e-01       1.354445843871e+03 
       3.281689482045e-01       1.338461126970e+03 
       3.313834918864e-01       1.322247405712e+03 
       3.345980361454e-01       1.305953788914e+03 
       3.378125809650e-01       1.289637030436e+03 
       3.410271263291e-01       1.273499311071e+03 
       3.442416722225e-01       1.257653579039e+03 
       3.474562186304e-01       1.242220497428e+03 
       3.506707655386e-01       1.227304538072e+03 
       3.538853129334e-01       1.212979274353e+03 
       3.570998608016e-01       1.199298025098e+03 
       3.603144091304e-01       1.186283005855e+03 
       3.635289579077e-01       1.173921407684e+03 
       3.667435071215e-01       1.162154781700e+03 
       3.699580567605e-01       1.150906512475e+03 
       3.731726068135e-01       1.140067588010e+03 
       3.763871572700e-01       1.129542519064e+03 
       3.796017081196e-01       1.119234841434e+03 
       3.828162593525e-01       1.109071589158e+03 
       3.860308109589e-01       1.099000899804e+03 
       3.892453629296e-01       1.089006136416e+03 
       3.924599152556e-01       1.079020116852e+03 
       3.956744679282e-01       1.069096897065e+03 
       3.988890209391e-01       1.059216514103e+03 
       4.021035742800e-01       1.049403568779e+03 
       4.053181279430e-01       1.039688427208e+03 
       4.085326819206e-01       1.030112960755e+03 
       4.117472362054e-01       1.020719792210e+03 
       4.149617907901e-01       1.011549070304e+03 
       4.181763456678e-01       1.002623158803e+03 
       4.213909008319e-01       9.939531965637e+02 
       4.246054562757e-01       9.855408367454e+02 
       4.278200119930e-01       9.773751680286e+02 
       4.310345679775e-01       9.694507087587e+02 
       4.342491242235e-01       9.617449502281e+02 
       4.374636807249e-01       9.542528782383e+02 
       4.406782374764e-01       9.469453803362e+02 
       4.438927944723e-01       9.398042980876e+02 
       4.471073517074e-01       9.327842294650e+02 
       4.503219091766e-01       9.258844645783e+02 
       4.535364668749e-01       9.190703786908e+02 
       4.567510247974e-01       9.123261270251e+02 
       4.599655829393e-01       9.056456289126e+02 
       4.631801412962e-01       8.990300268672e+02 
       4.663946998636e-01       8.924839135859e+02 
       4.696092586371e-01       8.860143973352e+02 
       4.728238176125e-01       8.796265151530e+02 
       4.760383767856e-01       8.733263622301e+02 
       4.792529361526e-01       8.671199345038e+02 
       4.824674957095e-01       8.610201674963e+02 
       4.856820554525e-01       8.550338948593e+02 
       4.888966153780e-01       8.491734742759e+02 
       4.921111754824e-01       8.434421985174e+02 
       4.953257357621e-01       8.378408776003e+02 
       4.985402962138e-01       8.323619660357e+02 
       5.017548568341e-01       8.269950577081e+02 
       5.049694176198e-01       8.217268110617e+02 
       5.081839785678e-01       8.165546296478e+02 
       5.113985396751e-01       8.114497424959e+02 
       5.146131009385e-01       8.064345742088e+02 
       5.178276623552e-01       8.014801745323e+02 
       5.210422239224e-01       7.965809374625e+02 
       5.242567856372e-01       7.917472414393e+02 
       5.274713474970e-01       7.869653613297e+02 
       5.306859094991e-01       7.822324351081e+02 
       5.339004716410e-01       7.775506470900e+02 
       5.371150339200e-01       7.729321487013e+02 
       5.403295963339e-01       7.683653062557e+02 
       5.435441588801e-01       7.638636154778e+02 
       5.467587215563e-01       7.594229062148e+02 
       5.499732843603e-01       7.550538726934e+02 
       5.531878472898e-01       7.507517031602e+02 
       5.564024103426e-01       7.465124070221e+02 
       5.596169735166e-01       7.423349599290e+02 
       5.628315368097e-01       7.382204887591e+02 
       5.660461002199e-01       7.341678084549e+02 
       5.692606637452e-01       7.301763692619e+02 
       5.724752273836e-01       7.262437930766e+02 
       5.756897911333e-01       7.223653739963e+02 
       5.789043549923e-01       7.185359984893e+02 
       5.821189189589e-01       7.147520932776e+02 
       5.853334830314e-01       7.110099705571e+02 
       5.885480472078e-01       7.073099542353e+02 
       5.917626114866e-01       7.036525302357e+02 
       5.949771758661e-01       7.000376847158e+02 
       5.981917403447e-01       6.964644178707e+02 
       6.014063049207e-01       6.929310581102e+02 
       6.046208695927e-01       6.894352343524e+02 
       6.078354343590e-01       6.859758856883e+02 
       6.110499992182e-01       6.825536476394e+02 
       6.142645641689e-01       6.791699966942e+02 
       6.174791292095e-01       6.758267289053e+02 
       6.206936943388e-01       6.725258618744e+02 
       6.239082595552e-01       6.692666045923e+02 
       6.271228248576e-01       6.660470866808e+02 
       6.303373902445e-01       6.628643618067e+02 
       6.335519557146e-01       6.597173911912e+02 
       6.367665212668e-01       6.566047100929e+02 
       6.399810868997e-01       6.535264041836e+02 
       6.431956526122e-01       6.504828483089e+02 
       6.464102184031e-01       6.474742231630e+02 
       6.496247842711e-01       6.444980717388e+02 
       6.528393502153e-01       6.415525342525e+02 
       6.560539162343e-01       6.386354659175e+02 
       6.592684823272e-01       6.357453860408e+02 
       6.624830484928e-01       6.328817638028e+02 
       6.656976147301e-01       6.300457092278e+02 
       6.689121810381e-01       6.272378192975e+02 
       6.721267474158e-01       6.244588598993e+02 
       6.753413138621e-01       6.217082398570e+02 
       6.785558803760e-01       6.189846286416e+02 
       6.817704469567e-01       6.162864123710e+02 
       6.849850136032e-01       6.136129436139e+02 
       6.881995803145e-01       6.109635029039e+02 
       6.914141470897e-01       6.083399473632e+02 
       6.946287139280e-01       6.057426064852e+02 
       6.978432808285e-01       6.031716836108e+02 
       7.010578477902e-01       6.006262115574e+02 
       7.042724148125e-01       5.981052789114e+02 
       7.074869818944e-01       5.956062708057e+02 
       7.107015490352e-01       5.931289213584e+02 
       7.139161162340e-01       5.906723982904e+02 
       7.171306834901e-01       5.882374527383e+02 
       7.203452508027e-01       5.858244728891e+02 
       7.235598181710e-01       5.834336456855e+02 
       7.267743855943e-01       5.810641892779e+02 
       7.299889530719e-01       5.787148886447e+02 
       7.332035206030e-01       5.763844226329e+02 
       7.364180881870e-01       5.740721795827e+02 
       7.396326558231e-01       5.717781668662e+02 
       7.428472235108e-01       5.695031812452e+02 
       7.460617912492e-01       5.672477645145e+02 
       7.492763590378e-01       5.650121130209e+02 
       7.524909268760e-01       5.627956759059e+02 
       7.557054947630e-01       5.605972852720e+02 
       8.261336127547e-01       5.164122559136e+02 
       9.282682331365e-01       4.629749399222e+02 
       1.090874168577e+00       3.953035951851e+02 
       1.347361741725e+00       3.157177231411e+02 
       1.694184609643e+00       2.403641635769e+02 
       2.132818367785e+00       1.770786202501e+02 
       2.685059135627e+00       1.267277217909e+02 
       3.380289177966e+00       8.843275173629e+01 
       4.255531945354e+00       6.039562359123e+01 
       5.357397306708e+00       4.048958958390e+01 
       6.744563610492e+00       2.669517223526e+01 
       8.490902520711e+00       1.733569087137e+01 
       1.068941295239e+01       1.110030242111e+01 
       1.345717360293e+01       7.015211589886e+00 
       1.694157781965e+01       4.379420785434e+00 
       2.132818283304e+01       2.702919637096e+00 
       2.685059135591e+01       1.650548588967e+00 
       3.380289177966e+01       9.980364428797e-01 
