# Matter power spectrum P(k) at redshift z=0
# for k=1.04523e-05 to 33.8029 h/Mpc,
# number of wavenumbers equal to 618
#    1:k (h/Mpc)              2:P (Mpc/h)^3        
       1.045229304439e-05       5.243431802884e+01 
       2.333599408213e-05       1.135366114658e+02 
       3.626502281110e-05       1.734980679826e+02 
       4.927418077803e-05       2.329924376791e+02 
       6.239884539552e-05       2.923989185233e+02 
       7.567528552670e-05       3.519991451915e+02 
       8.914098716499e-05       4.120323281913e+02 
       1.028349935423e-04       4.727177227944e+02 
       1.167982640323e-04       5.342661307193e+02 
       1.310740562481e-04       5.968868004804e+02 
       1.457083357420e-04       6.607921815747e+02 
       1.607502176512e-04       7.262015987375e+02 
       1.762524444589e-04       7.933443534443e+02 
       1.922719036640e-04       8.624625506041e+02 
       2.088701884959e-04       9.338137752334e+02 
       2.261142037266e-04       1.007673745470e+03 
       2.440768169626e-04       1.084338943012e+03 
       2.628375533136e-04       1.164129279669e+03 
       2.824833277735e-04       1.247390741320e+03 
       3.031092046648e-04       1.334498003010e+03 
       3.248191667246e-04       1.425856906051e+03 
       3.477268674359e-04       1.521906674058e+03 
       3.719563286558e-04       1.623121735861e+03 
       3.976425312097e-04       1.730012864596e+03 
       4.249318289298e-04       1.843127378191e+03 
       4.539820971567e-04       1.963048010150e+03 
       4.849625063594e-04       2.090390020015e+03 
       5.180527928243e-04       2.225796025205e+03 
       5.534418854605e-04       2.369928071670e+03 
       5.913257465464e-04       2.523456393172e+03 
       6.319043021330e-04       2.687044573085e+03 
       6.753773827663e-04       2.861330877063e+03 
       7.219396736340e-04       3.046906040272e+03 
       7.717747868926e-04       3.244288211576e+03 
       8.250487110013e-04       3.453896314110e+03 
       8.819030440561e-04       3.676023716618e+03 
       9.424485503543e-04       3.910814554821e+03 
       1.006759654799e-03       4.158245211592e+03 
       1.074870474682e-03       4.418113353847e+03 
       1.146772865869e-03       4.690036190000e+03 
       1.222416740758e-03       4.973458670336e+03 
       1.301712638121e-03       5.267671245390e+03 
       1.384536248788e-03       5.571819348889e+03 
       1.470734385419e-03       5.884953121633e+03 
       1.560131769587e-03       6.206092989464e+03 
       1.652538005660e-03       6.534199981890e+03 
       1.747754200121e-03       6.868229215086e+03 
       1.845578830925e-03       7.207154333460e+03 
       1.945812634716e-03       7.549986974702e+03 
       2.048262428239e-03       7.895791069968e+03 
       2.152743895540e-03       8.243692870648e+03 
       2.259083448384e-03       8.592886447163e+03 
       2.367119307023e-03       8.942637073293e+03 
       2.476701959997e-03       9.292278724546e+03 
       2.587694154215e-03       9.641213681397e+03 
       2.699970548357e-03       9.988908698268e+03 
       2.813417139940e-03       1.033489160717e+04 
       2.927930553245e-03       1.067874331672e+04 
       3.043417254226e-03       1.102009870879e+04 
       3.159792740559e-03       1.135863617294e+04 
       3.276980740442e-03       1.169407789396e+04 
       3.394912442439e-03       1.202617997231e+04 
       3.513525770147e-03       1.235473486951e+04 
       3.632764709272e-03       1.267956143837e+04 
       3.752578690276e-03       1.300050626820e+04 
       3.872922026803e-03       1.331743557654e+04 
       3.993753408099e-03       1.363024516488e+04 
       4.115035442455e-03       1.393883745558e+04 
       4.236734248023e-03       1.424313397773e+04 
       4.358819087074e-03       1.454307472150e+04 
       4.481262039678e-03       1.483860814175e+04 
       4.604037712957e-03       1.512969663662e+04 
       4.727122982211e-03       1.541630482937e+04 
       4.850496760511e-03       1.569838145696e+04 
       4.974139793653e-03       1.597599181670e+04 
       5.098034477620e-03       1.624906515265e+04 
       5.222164696023e-03       1.651761842814e+04 
       5.346515675241e-03       1.678173873941e+04 
       5.471073855234e-03       1.704134224193e+04 
       5.595826774228e-03       1.729647823441e+04 
       5.720762965695e-03       1.754714364783e+04 
       5.845871866206e-03       1.779285895819e+04 
       5.971143732926e-03       1.803464117189e+04 
       6.096569569658e-03       1.827201576634e+04 
       6.222141060470e-03       1.850502177589e+04 
       6.347850510052e-03       1.873368828695e+04 
       6.473690790065e-03       1.895800625014e+04 
       6.599655290808e-03       1.917804783302e+04 
       6.725737877634e-03       1.939391977010e+04 
       6.851932851590e-03       1.960552189543e+04 
       6.978234913833e-03       1.981310579486e+04 
       7.104639133423e-03       2.001655359725e+04 
       7.231140918132e-03       2.021589528587e+04 
       7.357735987954e-03       2.041108052792e+04 
       7.484420351043e-03       2.060279319445e+04 
       7.611190281834e-03       2.079006496812e+04 
       7.738042301111e-03       2.097387665055e+04 
       7.864973157843e-03       2.115332972541e+04 
       7.991979812612e-03       2.132901770310e+04 
       8.119059422467e-03       2.150099964801e+04 
       8.246209327077e-03       2.166890458941e+04 
       8.373427036054e-03       2.183356628483e+04 
       8.500710217333e-03       2.199512121398e+04 
       8.628056686518e-03       2.215222735242e+04 
       8.755464397097e-03       2.230577059620e+04 
       8.882931431451e-03       2.245573669406e+04 
       9.010455992584e-03       2.260217741292e+04 
       9.138036396503e-03       2.274425122585e+04 
       9.265671065209e-03       2.288383676025e+04 
       9.393358520223e-03       2.302005123396e+04 
       9.521097376615e-03       2.315256358376e+04 
       9.648886337488e-03       2.328286944460e+04 
       9.776724188882e-03       2.340781408045e+04 
       9.904609795058e-03       2.353184037225e+04 
       1.003254209413e-02       2.365059276996e+04 
       1.016052009404e-02       2.376701873739e+04 
       1.028854286880e-02       2.388022014536e+04 
       1.041660955499e-02       2.399047220955e+04 
       1.054471934861e-02       2.409847792101e+04 
       1.067287150201e-02       2.420257962722e+04 
       1.080106532119e-02       2.430364281488e+04 
       1.092930016314e-02       2.440170620554e+04 
       1.105757543351e-02       2.449628783900e+04 
       1.118589058435e-02       2.458794796767e+04 
       1.131424511205e-02       2.467799018228e+04 
       1.144263855542e-02       2.476452382493e+04 
       1.157107049385e-02       2.484802323532e+04 
       1.169954054574e-02       2.492933291806e+04 
       1.182804836683e-02       2.500840461527e+04 
       1.195659364888e-02       2.508289955873e+04 
       1.208517611822e-02       2.515689146770e+04 
       1.221379553459e-02       2.522708971725e+04 
       1.234245168991e-02       2.529489111415e+04 
       1.247114440726e-02       2.536014975007e+04 
       1.259987353984e-02       2.542266463796e+04 
       1.272863897008e-02       2.548138728449e+04 
       1.285744060873e-02       2.554024225525e+04 
       1.298627839411e-02       2.559546353331e+04 
       1.311515229133e-02       2.564812204217e+04 
       1.324406229166e-02       2.569729427557e+04 
       1.337300841183e-02       2.574525420943e+04 
       1.350199069352e-02       2.579238337668e+04 
       1.363100920278e-02       2.583564396291e+04 
       1.376006402957e-02       2.587553088222e+04 
       1.388915528727e-02       2.591430883584e+04 
       1.401828311234e-02       2.595116559344e+04 
       1.414744766388e-02       2.598602930529e+04 
       1.427664912335e-02       2.601905101448e+04 
       1.440588769424e-02       2.604934775442e+04 
       1.453516360181e-02       2.607717530962e+04 
       1.466447709284e-02       2.610224666305e+04 
       1.479382843546e-02       2.612655251919e+04 
       1.492321791892e-02       2.614921274529e+04 
       1.505264585349e-02       2.616837067081e+04 
       1.518211257029e-02       2.618669280708e+04 
       1.531161842122e-02       2.620302716001e+04 
       1.544116377884e-02       2.621724117603e+04 
       1.557074903639e-02       2.622876102688e+04 
       1.570037460768e-02       2.623915086201e+04 
       1.583004092713e-02       2.624837954514e+04 
       1.595974844975e-02       2.625514485166e+04 
       1.608949765120e-02       2.626031310246e+04 
       1.621928902784e-02       2.626251964319e+04 
       1.634912309675e-02       2.626393604263e+04 
       1.647900039591e-02       2.626363609645e+04 
       1.660892148421e-02       2.626167562836e+04 
       1.673888694166e-02       2.625803712472e+04 
       1.686889736949e-02       2.625247213449e+04 
       1.699895339030e-02       2.624588986549e+04 
       1.712905564829e-02       2.623759605090e+04 
       1.725920480941e-02       2.622708273854e+04 
       1.738940156161e-02       2.621569405977e+04 
       1.751964661502e-02       2.620251335429e+04 
       1.764994070227e-02       2.618877081426e+04 
       1.778028457869e-02       2.617161908965e+04 
       1.791067902262e-02       2.615439293778e+04 
       1.804112483570e-02       2.613514723335e+04 
       1.817162284318e-02       2.611489140827e+04 
       1.830217389428e-02       2.609301160634e+04 
       1.843277886250e-02       2.606955359301e+04 
       1.856343864598e-02       2.604504809809e+04 
       1.869415416794e-02       2.601912653249e+04 
       1.882492637700e-02       2.599238381131e+04 
       1.895575624765e-02       2.596358622735e+04 
       1.908664478066e-02       2.593415133863e+04 
       1.921759300355e-02       2.590344836244e+04 
       1.934860197102e-02       2.587062184530e+04 
       1.947967276548e-02       2.583779236702e+04 
       1.961080649751e-02       2.580316257455e+04 
       1.974200430643e-02       2.576714610603e+04 
       1.987326736081e-02       2.573008441354e+04 
       2.000459685904e-02       2.569202623722e+04 
       2.013599402989e-02       2.565278977446e+04 
       2.026746013317e-02       2.561242175190e+04 
       2.039899646027e-02       2.557198608346e+04 
       2.053060433487e-02       2.552886027290e+04 
       2.066228511357e-02       2.548620570200e+04 
       2.079404018659e-02       2.544106891652e+04 
       2.092587097845e-02       2.539569186665e+04 
       2.105777894874e-02       2.534941748139e+04 
       2.118976559286e-02       2.530230914096e+04 
       2.132183244276e-02       2.525389834612e+04 
       2.145398106783e-02       2.520509534127e+04 
       2.158621307562e-02       2.515461041738e+04 
       2.171853011279e-02       2.510369190869e+04 
       2.185093386594e-02       2.505186961392e+04 
       2.198342606252e-02       2.499979358781e+04 
       2.211600847180e-02       2.494578057118e+04 
       2.224868290581e-02       2.489145269444e+04 
       2.238145122033e-02       2.483630928087e+04 
       2.251431531596e-02       2.478038711250e+04 
       2.264727713914e-02       2.472420882247e+04 
       2.278033868326e-02       2.466636326522e+04 
       2.291350198979e-02       2.460824244796e+04 
       2.304676914943e-02       2.454965274694e+04 
       2.318014230334e-02       2.448976764196e+04 
       2.331362364435e-02       2.442961867376e+04 
       2.344721541825e-02       2.436872332741e+04 
       2.358091992509e-02       2.430762113848e+04 
       2.371473952058e-02       2.424491526268e+04 
       2.384867661744e-02       2.418208195632e+04 
       2.398273368688e-02       2.411858655802e+04 
       2.411691326009e-02       2.405462194766e+04 
       2.425121792978e-02       2.398995192263e+04 
       2.438565035176e-02       2.392479878884e+04 
       2.452021324658e-02       2.385906308180e+04 
       2.465490940125e-02       2.379295551287e+04 
       2.478974167097e-02       2.372583570632e+04 
       2.492471298095e-02       2.365857977548e+04 
       2.505982632824e-02       2.359074160726e+04 
       2.519508478374e-02       2.352246802686e+04 
       2.533049149411e-02       2.345400396518e+04 
       2.546604968385e-02       2.338448168847e+04 
       2.560176265749e-02       2.331478400801e+04 
       2.573763380171e-02       2.324487855146e+04 
       2.587366658766e-02       2.317451564376e+04 
       2.600986457329e-02       2.310356546098e+04 
       2.614623140583e-02       2.303183222061e+04 
       2.628277082425e-02       2.296029122144e+04 
       2.641948666190e-02       2.288817381976e+04 
       2.655638284922e-02       2.281578016371e+04 
       2.669346341650e-02       2.274295284020e+04 
       2.683073249678e-02       2.266973814027e+04 
       2.696819432888e-02       2.259615560435e+04 
       2.710585326045e-02       2.252252459929e+04 
       2.724371375123e-02       2.244838253483e+04 
       2.738178037634e-02       2.237385470487e+04 
       2.752005782978e-02       2.229938330491e+04 
       2.765855092799e-02       2.222430580009e+04 
       2.779726461354e-02       2.214929772334e+04 
       2.793620395903e-02       2.207383063126e+04 
       2.807537417108e-02       2.199788523346e+04 
       2.821478059443e-02       2.192223257314e+04 
       2.835442871633e-02       2.184592808828e+04 
       2.849432417097e-02       2.176966180876e+04 
       2.863447274412e-02       2.169293859456e+04 
       2.877488037802e-02       2.161619762174e+04 
       2.891555317633e-02       2.153925158588e+04 
       2.905649740942e-02       2.146216345871e+04 
       2.919771951976e-02       2.138492204190e+04 
       2.933922612759e-02       2.130760199630e+04 
       2.948102403680e-02       2.122979645882e+04 
       2.962312024108e-02       2.115206280959e+04 
       2.976552193026e-02       2.107420458940e+04 
       2.990823649696e-02       2.099629993619e+04 
       3.005127154355e-02       2.091807989871e+04 
       3.019463488934e-02       2.083988649420e+04 
       3.033833457811e-02       2.076158230472e+04 
       3.048237888600e-02       2.068313084896e+04 
       3.062677632964e-02       2.060484867157e+04 
       3.077153567476e-02       2.052601716421e+04 
       3.091666594512e-02       2.044740547396e+04 
       3.106217643184e-02       2.036862612197e+04 
       3.120807670313e-02       2.029000479373e+04 
       3.135437661455e-02       2.021104565379e+04 
       3.150108631963e-02       2.013220416397e+04 
       3.164821628107e-02       2.005329963821e+04 
       3.179577728241e-02       1.997416006995e+04 
       3.194378044028e-02       1.989518029518e+04 
       3.209223721725e-02       1.981615742604e+04 
       3.224115943524e-02       1.973701465387e+04 
       3.239055928961e-02       1.965807121484e+04 
       3.254044936403e-02       1.957896536193e+04 
       3.269084264592e-02       1.949971853753e+04 
       3.284175254279e-02       1.942074728511e+04 
       3.299319289938e-02       1.934168195779e+04 
       3.314517801567e-02       1.926245693963e+04 
       3.329772266578e-02       1.918334581915e+04 
       3.345084211793e-02       1.910439924532e+04 
       3.360455215541e-02       1.902532114232e+04 
       3.375886909866e-02       1.894625265945e+04 
       3.391380982856e-02       1.886738446456e+04 
       3.406939181099e-02       1.878839169862e+04 
       3.422563312272e-02       1.870940998389e+04 
       3.438255247874e-02       1.863050164729e+04 
       3.454016926119e-02       1.855167805420e+04 
       3.469850354982e-02       1.847289692745e+04 
       3.485757615429e-02       1.839405491284e+04 
       3.501740864837e-02       1.831526905041e+04 
       3.517802340602e-02       1.823664049275e+04 
       3.533944363978e-02       1.815799726499e+04 
       3.550169344135e-02       1.807940208428e+04 
       3.566479782473e-02       1.800088752332e+04 
       3.582878277193e-02       1.792239726404e+04 
       3.599367528163e-02       1.784403471772e+04 
       3.615950342082e-02       1.776560001782e+04 
       3.632629637984e-02       1.768741607282e+04 
       3.649408453089e-02       1.760909094263e+04 
       3.666289949047e-02       1.753099119230e+04 
       3.683277418587e-02       1.745279090435e+04 
       3.700374292622e-02       1.737485031958e+04 
       3.717584147836e-02       1.729676288895e+04 
       3.734910714790e-02       1.721883573416e+04 
       3.752357886606e-02       1.714101196790e+04 
       3.769929728257e-02       1.706314244327e+04 
       3.787630486532e-02       1.698532695813e+04 
       3.805464600725e-02       1.690762988795e+04 
       3.823436714120e-02       1.682997512635e+04 
       3.841551686330e-02       1.675232383662e+04 
       3.859814606585e-02       1.667473732609e+04 
       3.878230808040e-02       1.659727621768e+04 
       3.896805883211e-02       1.651978369110e+04 
       3.915545700634e-02       1.644229089183e+04 
       3.934456422877e-02       1.636486751088e+04 
       3.953544526030e-02       1.628752319235e+04 
       3.972816820820e-02       1.621012837347e+04 
       3.992280475515e-02       1.613282327328e+04 
       4.011943040803e-02       1.605556773275e+04 
       4.031812476851e-02       1.597827156584e+04 
       4.051897182769e-02       1.590092012188e+04 
       4.072206028747e-02       1.582362618026e+04 
       4.092748391152e-02       1.574649194472e+04 
       4.113534190913e-02       1.566908937009e+04 
       4.134573935570e-02       1.559182932455e+04 
       4.155878765414e-02       1.551448029338e+04 
       4.177460504182e-02       1.543700438222e+04 
       4.199331714874e-02       1.535959546571e+04 
       4.221505761294e-02       1.528217556854e+04 
       4.243996876047e-02       1.520459828042e+04 
       4.266820235786e-02       1.512704207143e+04 
       4.289992044668e-02       1.504935335193e+04 
       4.313529627077e-02       1.497154628246e+04 
       4.337451530876e-02       1.489348502054e+04 
       4.361777642621e-02       1.481560997952e+04 
       4.386529316415e-02       1.473734806635e+04 
       4.411729518348e-02       1.465906937875e+04 
       4.437402988804e-02       1.458048333764e+04 
       4.463576425297e-02       1.450180894648e+04 
       4.490278688978e-02       1.442293826194e+04 
       4.517541038490e-02       1.434378966088e+04 
       4.545397395568e-02       1.426432164464e+04 
       4.573884647548e-02       1.418460492955e+04 
       4.603042992982e-02       1.410460861234e+04 
       4.632916337758e-02       1.402432039382e+04 
       4.663552750581e-02       1.394387459044e+04 
       4.695004988546e-02       1.386249154247e+04 
       4.727331105731e-02       1.378090990286e+04 
       4.760595160560e-02       1.369875742149e+04 
       4.794868041144e-02       1.361617848656e+04 
       4.830228432153e-02       1.353318664886e+04 
       4.866763952197e-02       1.344918666355e+04 
       4.904572497566e-02       1.336482382942e+04 
       4.943763836844e-02       1.327953395966e+04 
       4.984461511893e-02       1.319292687497e+04 
       5.026805114695e-02       1.310572685202e+04 
       5.070953027356e-02       1.301792716427e+04 
       5.117085735283e-02       1.292819066568e+04 
       5.165409852456e-02       1.283786010005e+04 
       5.216163034395e-02       1.274579735143e+04 
       5.269620000442e-02       1.265175363153e+04 
       5.326099944014e-02       1.255581520394e+04 
       5.385975677983e-02       1.245824622003e+04 
       5.449684940627e-02       1.235735168767e+04 
       5.517744368190e-02       1.225468315949e+04 
       5.590766703332e-02       1.214779592858e+04 
       5.669481810402e-02       1.203694649271e+04 
       5.754761915683e-02       1.192115349318e+04 
       5.847650999830e-02       1.179940796405e+04 
       5.949397095814e-02       1.167017282632e+04 
       6.061483784711e-02       1.153180454006e+04 
       6.185652490882e-02       1.138113524897e+04 
       6.323899109932e-02       1.121485394973e+04 
       6.478416611987e-02       1.102919128344e+04 
       6.651442599854e-02       1.081714134386e+04 
       6.844969459733e-02       1.057307487180e+04 
       7.060310282212e-02       1.028860077162e+04 
       7.297611186297e-02       9.958737917758e+03 
       7.555530159516e-02       9.580640387611e+03 
       7.831329487709e-02       9.158237825516e+03 
       8.121425378288e-02       8.701425659528e+03 
       8.422131690539e-02       8.226407882806e+03 
       8.730241681423e-02       7.751892429544e+03 
       9.043281947554e-02       7.296097140646e+03 
       9.359498935992e-02       6.874367747549e+03 
       9.677718169444e-02       6.497772571115e+03 
       9.997181668838e-02       6.172263210479e+03 
       1.031741165767e-01       5.899177704765e+03 
       1.063811137965e-01       5.675202014131e+03 
       1.095909817395e-01       5.494544126345e+03 
       1.128026022205e-01       5.348827403302e+03 
       1.160152929310e-01       5.228369678403e+03 
       1.192286382739e-01       5.123327756530e+03 
       1.224423853148e-01       5.024102164923e+03 
       1.256563801312e-01       4.922556516816e+03 
       1.288705290038e-01       4.812335914764e+03 
       1.320847747995e-01       4.689857852276e+03 
       1.352990826164e-01       4.553766457552e+03 
       1.385134310644e-01       4.405203015927e+03 
       1.417278069700e-01       4.247535984477e+03 
       1.449422021614e-01       4.084952039398e+03 
       1.481566115158e-01       3.922756554784e+03 
       1.513710317737e-01       3.765812461382e+03 
       1.545854608180e-01       3.618388602686e+03 
       1.577998972358e-01       3.483880690084e+03 
       1.610143400508e-01       3.364404813445e+03 
       1.642287885611e-01       3.260789115292e+03 
       1.674432422393e-01       3.172619363506e+03 
       1.706577006711e-01       3.098439205135e+03 
       1.738721635176e-01       3.036032838645e+03 
       1.770866304921e-01       2.982560082755e+03 
       1.803011013449e-01       2.935108839996e+03 
       1.835155758541e-01       2.890797008692e+03 
       1.867300538193e-01       2.847183552091e+03 
       1.899445350576e-01       2.801594148077e+03 
       1.931590194004e-01       2.752281768092e+03 
       1.963735066919e-01       2.698489075901e+03 
       1.995879967871e-01       2.640109963675e+03 
       2.028024895507e-01       2.577816254889e+03 
       2.060169848565e-01       2.512924484875e+03 
       2.092314825861e-01       2.447046499598e+03 
       2.124459826283e-01       2.381680592815e+03 
       2.156604848790e-01       2.318490494273e+03 
       2.188749892401e-01       2.258650882206e+03 
       2.220894956192e-01       2.203061757211e+03 
       2.253040039292e-01       2.152372291436e+03 
       2.285185140883e-01       2.106759151156e+03 
       2.317330260187e-01       2.066161539437e+03 
       2.349475396474e-01       2.030190957581e+03 
       2.381620549052e-01       1.998250571881e+03 
       2.413765717264e-01       1.969435014871e+03 
       2.445910900491e-01       1.942810327529e+03 
       2.478056098144e-01       1.917410160108e+03 
       2.510201309666e-01       1.892352452875e+03 
       2.542346534528e-01       1.867391603527e+03 
       2.574491772226e-01       1.841069295408e+03 
       2.606637022283e-01       1.813671080346e+03 
       2.638782284244e-01       1.785113389744e+03 
       2.670927557677e-01       1.755596082969e+03 
       2.703072842171e-01       1.725359162290e+03 
       2.735218137332e-01       1.694805924991e+03 
       2.767363442788e-01       1.664436126945e+03 
       2.799508758181e-01       1.634724786339e+03 
       2.831654083172e-01       1.606129536780e+03 
       2.863799417435e-01       1.579048197740e+03 
       2.895944760659e-01       1.553687919295e+03 
       2.928090112549e-01       1.530170381738e+03 
       2.960235472819e-01       1.508468912486e+03 
       2.992380841200e-01       1.488428038631e+03 
       3.024526217430e-01       1.469825063857e+03 
       3.056671601261e-01       1.452412243542e+03 
       3.088816992454e-01       1.435887676353e+03 
       3.120962390780e-01       1.419992318871e+03 
       3.153107796021e-01       1.404470134469e+03 
       3.185253207966e-01       1.389044141843e+03 
       3.217398626413e-01       1.373547671211e+03 
       3.249544051168e-01       1.357858147873e+03 
       3.281689482045e-01       1.341929878684e+03 
       3.313834918864e-01       1.325772741337e+03 
       3.345980361454e-01       1.309535844653e+03 
       3.378125809650e-01       1.293275936689e+03 
       3.410271263291e-01       1.277195204181e+03 
       3.442416722225e-01       1.261406595924e+03 
       3.474562186304e-01       1.246030777272e+03 
       3.506707655386e-01       1.231172222120e+03 
       3.538853129334e-01       1.216904504293e+03 
       3.570998608016e-01       1.203280942044e+03 
       3.603144091304e-01       1.190323748127e+03 
       3.635289579077e-01       1.178020107855e+03 
       3.667435071215e-01       1.166311562232e+03 
       3.699580567605e-01       1.155121483510e+03 
       3.731726068135e-01       1.144340843526e+03 
       3.763871572700e-01       1.133874137354e+03 
       3.796017081196e-01       1.123624884214e+03 
       3.828162593525e-01       1.113520103259e+03 
       3.860308109589e-01       1.103507918865e+03 
       3.892453629296e-01       1.093571684396e+03 
       3.924599152556e-01       1.083644202124e+03 
       3.956744679282e-01       1.073779525996e+03 
       3.988890209391e-01       1.063957682789e+03 
       4.021035742800e-01       1.054203268340e+03 
       4.053181279430e-01       1.044546644817e+03 
       4.085326819206e-01       1.035029681494e+03 
       4.117472362054e-01       1.025694999684e+03 
       4.149617907901e-01       1.016582746853e+03 
       4.181763456678e-01       1.007715283614e+03 
       4.213909008319e-01       9.991037444523e+02 
       4.246054562757e-01       9.907497770280e+02 
       4.278200119930e-01       9.826424628260e+02 
       4.310345679775e-01       9.747763137631e+02 
       4.342491242235e-01       9.671288121858e+02 
       4.374636807249e-01       9.596949374546e+02 
       4.406782374764e-01       9.524455669671e+02 
       4.438927944723e-01       9.453625336311e+02 
       4.471073517074e-01       9.384004222586e+02 
       4.503219091766e-01       9.315585166843e+02 
       4.535364668749e-01       9.248021803187e+02 
       4.567510247974e-01       9.181155593957e+02 
       4.599655829393e-01       9.114925658348e+02 
       4.631801412962e-01       9.049343360105e+02 
       4.663946998636e-01       8.984454571868e+02 
       4.696092586371e-01       8.920330327871e+02 
       4.728238176125e-01       8.857020947894e+02 
       4.760383767856e-01       8.794587336660e+02 
       4.792529361526e-01       8.733089407739e+02 
       4.824674957095e-01       8.672656485571e+02 
       4.856820554525e-01       8.613356866334e+02 
       4.888966153780e-01       8.555314099277e+02 
       4.921111754824e-01       8.498561068536e+02 
       4.953257357621e-01       8.443105826862e+02 
       4.985402962138e-01       8.388872855440e+02 
       5.017548568341e-01       8.335758023037e+02 
       5.049694176198e-01       8.283627837243e+02 
       5.081839785678e-01       8.232456279409e+02 
       5.113985396751e-01       8.181955528111e+02 
       5.146131009385e-01       8.132349830094e+02 
       5.178276623552e-01       8.083349569956e+02 
       5.210422239224e-01       8.034898625984e+02 
       5.242567856372e-01       7.987100758531e+02 
       5.274713474970e-01       7.939818637048e+02 
       5.306859094991e-01       7.893023587315e+02 
       5.339004716410e-01       7.846737411320e+02 
       5.371150339200e-01       7.801081607957e+02 
       5.403295963339e-01       7.755939767731e+02 
       5.435441588801e-01       7.711446838466e+02 
       5.467587215563e-01       7.667561066321e+02 
       5.499732843603e-01       7.624389380320e+02 
       5.531878472898e-01       7.581883610973e+02 
       5.564024103426e-01       7.540003802791e+02 
       5.596169735166e-01       7.498739671052e+02 
       5.628315368097e-01       7.458102449913e+02 
       5.660461002199e-01       7.418080248738e+02 
       5.692606637452e-01       7.378667532371e+02 
       5.724752273836e-01       7.339840477726e+02 
       5.756897911333e-01       7.301551977531e+02 
       5.789043549923e-01       7.263750847231e+02 
       5.821189189589e-01       7.226401309467e+02 
       5.853334830314e-01       7.189466441610e+02 
       5.885480472078e-01       7.152949450527e+02 
       5.917626114866e-01       7.116855164587e+02 
       5.949771758661e-01       7.081183413825e+02 
       5.981917403447e-01       7.045924166381e+02 
       6.014063049207e-01       7.011060671086e+02 
       6.046208695927e-01       6.976569180198e+02 
       6.078354343590e-01       6.942439052371e+02 
       6.110499992182e-01       6.908676616711e+02 
       6.142645641689e-01       6.875296615614e+02 
       6.174791292095e-01       6.842316989148e+02 
       6.206936943388e-01       6.809757894627e+02 
       6.239082595552e-01       6.777611394800e+02 
       6.271228248576e-01       6.745858755689e+02 
       6.303373902445e-01       6.714470480561e+02 
       6.335519557146e-01       6.683436155219e+02 
       6.367665212668e-01       6.652741104950e+02 
       6.399810868997e-01       6.622386165214e+02 
       6.431956526122e-01       6.592375065000e+02 
       6.464102184031e-01       6.562709591855e+02 
       6.496247842711e-01       6.533365147435e+02 
       6.528393502153e-01       6.504323108217e+02 
       6.560539162343e-01       6.475562000055e+02 
       6.592684823272e-01       6.447066992650e+02 
       6.624830484928e-01       6.418832758537e+02 
       6.656976147301e-01       6.390870385587e+02 
       6.689121810381e-01       6.363185830109e+02 
       6.721267474158e-01       6.335786738892e+02 
       6.753413138621e-01       6.308667183553e+02 
       6.785558803760e-01       6.281813839854e+02 
       6.817704469567e-01       6.255210549389e+02 
       6.849850136032e-01       6.228850822591e+02 
       6.881995803145e-01       6.202727449823e+02 
       6.914141470897e-01       6.176858998417e+02 
       6.946287139280e-01       6.151248754022e+02 
       6.978432808285e-01       6.125898740912e+02 
       7.010578477902e-01       6.100799273890e+02 
       7.042724148125e-01       6.075941226182e+02 
       7.074869818944e-01       6.051298429734e+02 
       7.107015490352e-01       6.026868216677e+02 
       7.139161162340e-01       6.002642253301e+02 
       7.171306834901e-01       5.978628047432e+02 
       7.203452508027e-01       5.954829476502e+02 
       7.235598181710e-01       5.931248405252e+02 
       7.267743855943e-01       5.907877006794e+02 
       7.299889530719e-01       5.884703121054e+02 
       7.332035206030e-01       5.861713526574e+02 
       7.364180881870e-01       5.838902100446e+02 
       7.396326558231e-01       5.816268913391e+02 
       7.428472235108e-01       5.793821934217e+02 
       7.460617912492e-01       5.771566581524e+02 
       7.492763590378e-01       5.749504818423e+02 
       7.524909268760e-01       5.727631133006e+02 
       7.557054947630e-01       5.705933840505e+02 
       8.261336127547e-01       5.269343463106e+02 
       9.282682331365e-01       4.739243158705e+02 
       1.090874168577e+00       4.062190045478e+02 
       1.347361741725e+00       3.253545493502e+02 
       1.694184609643e+00       2.473135283538e+02 
       2.132818367785e+00       1.808368031551e+02 
       2.685059135627e+00       1.277505108982e+02 
       3.380289177966e+00       8.763440740842e+01 
       4.255531945354e+00       5.866727939748e+01 
       5.357397306708e+00       3.848999595650e+01 
       6.744563610492e+00       2.481183829873e+01 
       8.490902520711e+00       1.574487894430e+01 
       1.068941295239e+01       9.849058753206e+00 
       1.345717360293e+01       6.080251277913e+00 
       1.694157781965e+01       3.708000114358e+00 
       2.132818283304e+01       2.235971685880e+00 
       2.685059135591e+01       1.334340104004e+00 
       3.380289177966e+01       7.886838738263e-01 
