# Matter power spectrum P(k) at redshift z=0
# for k=1.04523e-05 to 33.8029 h/Mpc,
# number of wavenumbers equal to 618
#    1:k (h/Mpc)              2:P (Mpc/h)^3        
       1.045229304439e-05       5.243430783013e+01 
       2.333599408213e-05       1.135365630182e+02 
       3.626502281110e-05       1.734979554170e+02 
       4.927418077803e-05       2.329922371571e+02 
       6.239884539552e-05       2.923986079126e+02 
       7.567528552670e-05       3.519987038613e+02 
       8.914098716499e-05       4.120317368874e+02 
       1.028349935423e-04       4.727169635796e+02 
       1.167982640323e-04       5.342651869789e+02 
       1.310740562481e-04       5.968856569974e+02 
       1.457083357420e-04       6.607908246814e+02 
       1.607502176512e-04       7.262000165594e+02 
       1.762524444589e-04       7.933425362539e+02 
       1.922719036640e-04       8.624604913108e+02 
       2.088701884959e-04       9.338114700428e+02 
       2.261142037266e-04       1.007671194757e+03 
       2.440768169626e-04       1.084336152465e+03 
       2.628375533136e-04       1.164126261779e+03 
       2.824833277735e-04       1.247387517307e+03 
       3.031092046648e-04       1.334494605311e+03 
       3.248191667246e-04       1.425853381527e+03 
       3.477268674359e-04       1.521903088115e+03 
       3.719563286558e-04       1.623118177729e+03 
       3.976425312097e-04       1.730009454095e+03 
       4.249318289298e-04       1.843124274363e+03 
       4.539820971567e-04       1.963045422232e+03 
       4.849625063594e-04       2.090388221346e+03 
       5.180527928243e-04       2.225795370736e+03 
       5.534418854605e-04       2.369929019877e+03 
       5.913257465464e-04       2.523459533234e+03 
       6.319043021330e-04       2.687050658264e+03 
       6.753773827663e-04       2.861340865198e+03 
       7.219396736340e-04       3.046921142191e+03 
       7.717747868926e-04       3.244309948018e+03 
       8.250487110013e-04       3.453926581341e+03 
       8.819030440561e-04       3.676064860442e+03 
       9.424485503543e-04       3.910869452007e+03 
       1.006759654799e-03       4.158317357031e+03 
       1.074870474682e-03       4.418206951107e+03 
       1.146772865869e-03       4.690156242395e+03 
       1.222416740758e-03       4.973611069355e+03 
       1.301712638121e-03       5.267862853378e+03 
       1.384536248788e-03       5.572058072092e+03 
       1.470734385419e-03       5.885247973374e+03 
       1.560131769587e-03       6.206454144203e+03 
       1.652538005660e-03       6.534638812217e+03 
       1.747754200121e-03       6.868758317551e+03 
       1.845578830925e-03       7.207787542319e+03 
       1.945812634716e-03       7.550739364657e+03 
       2.048262428239e-03       7.896678949167e+03 
       2.152743895540e-03       8.244733765408e+03 
       2.259083448384e-03       8.594099079742e+03 
       2.367119307023e-03       8.944041334240e+03 
       2.476701959997e-03       9.293895640159e+03 
       2.587694154215e-03       9.643065378017e+03 
       2.699970548357e-03       9.991018363890e+03 
       2.813417139940e-03       1.033728345139e+04 
       2.927930553245e-03       1.068144252837e+04 
       3.043417254226e-03       1.102313141438e+04 
       3.159792740559e-03       1.136202939287e+04 
       3.276980740442e-03       1.169785950011e+04 
       3.394912442439e-03       1.203037864363e+04 
       3.513525770147e-03       1.235938005026e+04 
       3.632764709272e-03       1.268468329404e+04 
       3.752578690276e-03       1.300613564389e+04 
       3.872922026803e-03       1.332360395320e+04 
       3.993753408099e-03       1.363698462288e+04 
       4.115035442455e-03       1.394618062777e+04 
       4.236734248023e-03       1.425111401062e+04 
       4.358819087074e-03       1.455172523855e+04 
       4.481262039678e-03       1.484796320198e+04 
       4.604037712957e-03       1.513979069857e+04 
       4.727122982211e-03       1.542717270784e+04 
       4.850496760511e-03       1.571005826421e+04 
       4.974139793653e-03       1.598851301966e+04 
       5.098034477620e-03       1.626246641605e+04 
       5.222164696023e-03       1.653193564985e+04 
       5.346515675241e-03       1.679700808742e+04 
       5.471073855234e-03       1.705759994577e+04 
       5.595826774228e-03       1.731376068200e+04 
       5.720762965695e-03       1.756548729436e+04 
       5.845871866206e-03       1.781229969611e+04 
       5.971143732926e-03       1.805521612769e+04 
       6.096569569658e-03       1.829376146849e+04 
       6.222141060470e-03       1.852797473670e+04 
       6.347850510052e-03       1.875788495968e+04 
       6.473690790065e-03       1.898348294128e+04 
       6.599655290808e-03       1.920484079163e+04 
       6.725737877634e-03       1.942206522509e+04 
       6.851932851590e-03       1.963505569608e+04 
       6.978234913833e-03       1.984406396791e+04 
       7.104639133423e-03       2.004897170456e+04 
       7.231140918132e-03       2.024980863913e+04 
       7.357735987954e-03       2.044652400706e+04 
       7.484420351043e-03       2.063980267308e+04 
       7.611190281834e-03       2.082867404045e+04 
       7.738042301111e-03       2.101412050885e+04 
       7.864973157843e-03       2.119524124874e+04 
       7.991979812612e-03       2.137263057388e+04 
       8.119059422467e-03       2.154634723228e+04 
       8.246209327077e-03       2.171601888642e+04 
       8.373427036054e-03       2.188248078572e+04 
       8.500710217333e-03       2.204586932976e+04 
       8.628056686518e-03       2.220483853951e+04 
       8.755464397097e-03       2.236027595918e+04 
       8.882931431451e-03       2.251216671826e+04 
       9.010455992584e-03       2.266056212232e+04 
       9.138036396503e-03       2.280461755337e+04 
       9.265671065209e-03       2.294621644882e+04 
       9.393358520223e-03       2.308447286821e+04 
       9.521097376615e-03       2.321905403809e+04 
       9.648886337488e-03       2.335145968690e+04 
       9.776724188882e-03       2.347852414934e+04 
       9.904609795058e-03       2.360470424381e+04 
       1.003254209413e-02       2.372562905392e+04 
       1.016052009404e-02       2.384425533787e+04 
       1.028854286880e-02       2.395968114220e+04 
       1.041660955499e-02       2.407218193220e+04 
       1.054471934861e-02       2.418246266189e+04 
       1.067287150201e-02       2.428885861474e+04 
       1.080106532119e-02       2.439223772756e+04 
       1.092930016314e-02       2.449263806920e+04 
       1.105757543351e-02       2.458957484403e+04 
       1.118589058435e-02       2.468360973170e+04 
       1.131424511205e-02       2.477605117578e+04 
       1.144263855542e-02       2.486499960213e+04 
       1.157107049385e-02       2.495093048010e+04 
       1.169954054574e-02       2.503469131712e+04 
       1.182804836683e-02       2.511623293258e+04 
       1.195659364888e-02       2.519320455543e+04 
       1.208517611822e-02       2.526969854632e+04 
       1.221379553459e-02       2.534240752813e+04 
       1.234245168991e-02       2.541273423943e+04 
       1.247114440726e-02       2.548053119395e+04 
       1.259987353984e-02       2.554559546639e+04 
       1.272863897008e-02       2.560687195958e+04 
       1.285744060873e-02       2.566830554678e+04 
       1.298627839411e-02       2.572610901998e+04 
       1.311515229133e-02       2.578135815948e+04 
       1.324406229166e-02       2.583312317309e+04 
       1.337300841183e-02       2.588369021523e+04 
       1.350199069352e-02       2.593344255576e+04 
       1.363100920278e-02       2.597932342356e+04 
       1.376006402957e-02       2.602182942895e+04 
       1.388915528727e-02       2.606323830677e+04 
       1.401828311234e-02       2.610273208061e+04 
       1.414744766388e-02       2.614023763136e+04 
       1.427664912335e-02       2.617590616941e+04 
       1.440588769424e-02       2.620884801083e+04 
       1.453516360181e-02       2.623931961093e+04 
       1.466447709284e-02       2.626703096556e+04 
       1.479382843546e-02       2.629398567116e+04 
       1.492321791892e-02       2.631929684314e+04 
       1.505264585349e-02       2.634109361323e+04 
       1.518211257029e-02       2.636206072772e+04 
       1.531161842122e-02       2.638103710010e+04 
       1.544116377884e-02       2.639788829544e+04 
       1.557074903639e-02       2.641203515893e+04 
       1.570037460768e-02       2.642505288718e+04 
       1.583004092713e-02       2.643690948567e+04 
       1.595974844975e-02       2.644629169539e+04 
       1.608949765120e-02       2.645407180451e+04 
       1.621928902784e-02       2.645887317952e+04 
       1.634912309675e-02       2.646288423806e+04 
       1.647900039591e-02       2.646517045514e+04 
       1.660892148421e-02       2.646578731388e+04 
       1.673888694166e-02       2.646471634850e+04 
       1.686889736949e-02       2.646170612278e+04 
       1.699895339030e-02       2.645767302231e+04 
       1.712905564829e-02       2.645191595182e+04 
       1.725920480941e-02       2.644392151592e+04 
       1.738940156161e-02       2.643504523321e+04 
       1.751964661502e-02       2.642436135596e+04 
       1.764994070227e-02       2.641311083317e+04 
       1.778028457869e-02       2.639841869504e+04 
       1.791067902262e-02       2.638365051699e+04 
       1.804112483570e-02       2.636684189538e+04 
       1.817162284318e-02       2.634901131553e+04 
       1.830217389428e-02       2.632953820010e+04 
       1.843277886250e-02       2.630846798703e+04 
       1.856343864598e-02       2.628633606001e+04 
       1.869415416794e-02       2.626276942710e+04 
       1.882492637700e-02       2.623836850727e+04 
       1.895575624765e-02       2.621188604435e+04 
       1.908664478066e-02       2.618475380876e+04 
       1.921759300355e-02       2.615633376372e+04 
       1.934860197102e-02       2.612576046408e+04 
       1.947967276548e-02       2.609517692161e+04 
       1.961080649751e-02       2.606276554157e+04 
       1.974200430643e-02       2.602894378396e+04 
       1.987326736081e-02       2.599405629400e+04 
       2.000459685904e-02       2.595815180265e+04 
       2.013599402989e-02       2.592104584918e+04 
       2.026746013317e-02       2.588278509841e+04 
       2.039899646027e-02       2.584444545940e+04 
       2.053060433487e-02       2.580337289217e+04 
       2.066228511357e-02       2.576276578049e+04 
       2.079404018659e-02       2.571963468631e+04 
       2.092587097845e-02       2.567624806794e+04 
       2.105777894874e-02       2.563194043714e+04 
       2.118976559286e-02       2.558677547745e+04 
       2.132183244276e-02       2.554027830564e+04 
       2.145398106783e-02       2.549337014809e+04 
       2.158621307562e-02       2.544474439910e+04 
       2.171853011279e-02       2.539566484864e+04 
       2.185093386594e-02       2.534565482595e+04 
       2.198342606252e-02       2.529537250140e+04 
       2.211600847180e-02       2.524311194467e+04 
       2.224868290581e-02       2.519051626611e+04 
       2.238145122033e-02       2.513707774601e+04 
       2.251431531596e-02       2.508283324346e+04 
       2.264727713914e-02       2.502831218568e+04 
       2.278033868326e-02       2.497208359016e+04 
       2.291350198979e-02       2.491555826178e+04 
       2.304676914943e-02       2.485853961673e+04 
       2.318014230334e-02       2.480018907725e+04 
       2.331362364435e-02       2.474155242423e+04 
       2.344721541825e-02       2.468213995166e+04 
       2.358091992509e-02       2.462249869158e+04 
       2.371473952058e-02       2.456121108834e+04 
       2.384867661744e-02       2.449977460540e+04 
       2.398273368688e-02       2.443764645393e+04 
       2.411691326009e-02       2.437502208710e+04 
       2.425121792978e-02       2.431166146617e+04 
       2.438565035176e-02       2.424778995609e+04 
       2.452021324658e-02       2.418330630809e+04 
       2.465490940125e-02       2.411842421239e+04 
       2.478974167097e-02       2.405249309231e+04 
       2.492471298095e-02       2.398640240623e+04 
       2.505982632824e-02       2.391969885742e+04 
       2.519508478374e-02       2.385253134137e+04 
       2.533049149411e-02       2.378514850340e+04 
       2.546604968385e-02       2.371666845335e+04 
       2.560176265749e-02       2.364798795117e+04 
       2.573763380171e-02       2.357907397473e+04 
       2.587366658766e-02       2.350967260293e+04 
       2.600986457329e-02       2.343965164853e+04 
       2.614623140583e-02       2.336881180867e+04 
       2.628277082425e-02       2.329814448828e+04 
       2.641948666190e-02       2.322686804083e+04 
       2.655638284922e-02       2.315528749910e+04 
       2.669346341650e-02       2.308324261793e+04 
       2.683073249678e-02       2.301078030823e+04 
       2.696819432888e-02       2.293792028891e+04 
       2.710585326045e-02       2.286498736094e+04 
       2.724371375123e-02       2.279151074853e+04 
       2.738178037634e-02       2.271761777152e+04 
       2.752005782978e-02       2.264375835544e+04 
       2.765855092799e-02       2.256925808670e+04 
       2.779726461354e-02       2.249480446617e+04 
       2.793620395903e-02       2.241985947012e+04 
       2.807537417108e-02       2.234440329425e+04 
       2.821478059443e-02       2.226922097168e+04 
       2.835442871633e-02       2.219335058418e+04 
       2.849432417097e-02       2.211749476153e+04 
       2.863447274412e-02       2.204114912258e+04 
       2.877488037802e-02       2.196476094566e+04 
       2.891555317633e-02       2.188813938188e+04 
       2.905649740942e-02       2.181134853586e+04 
       2.919771951976e-02       2.173437695381e+04 
       2.933922612759e-02       2.165730068781e+04 
       2.948102403680e-02       2.157970499762e+04 
       2.962312024108e-02       2.150215794451e+04 
       2.976552193026e-02       2.142445926624e+04 
       2.990823649696e-02       2.134668860759e+04 
       3.005127154355e-02       2.126857170795e+04 
       3.019463488934e-02       2.119045728666e+04 
       3.033833457811e-02       2.111220520945e+04 
       3.048237888600e-02       2.103377824640e+04 
       3.062677632964e-02       2.095549929408e+04 
       3.077153567476e-02       2.087663526001e+04 
       3.091666594512e-02       2.079797080090e+04 
       3.106217643184e-02       2.071911059871e+04 
       3.120807670313e-02       2.064038700708e+04 
       3.135437661455e-02       2.056129401463e+04 
       3.150108631963e-02       2.048229646266e+04 
       3.164821628107e-02       2.040320995417e+04 
       3.179577728241e-02       2.032385888047e+04 
       3.194378044028e-02       2.024464635172e+04 
       3.209223721725e-02       2.016536525770e+04 
       3.224115943524e-02       2.008593716783e+04 
       3.239055928961e-02       2.000668813170e+04 
       3.254044936403e-02       1.992724871855e+04 
       3.269084264592e-02       1.984764080979e+04 
       3.284175254279e-02       1.976828996109e+04 
       3.299319289938e-02       1.968881858306e+04 
       3.314517801567e-02       1.960915962031e+04 
       3.329772266578e-02       1.952959264967e+04 
       3.345084211793e-02       1.945016949500e+04 
       3.360455215541e-02       1.937058758629e+04 
       3.375886909866e-02       1.929099119864e+04 
       3.391380982856e-02       1.921157528808e+04 
       3.406939181099e-02       1.913200777422e+04 
       3.422563312272e-02       1.905242732053e+04 
       3.438255247874e-02       1.897289768562e+04 
       3.454016926119e-02       1.889343052924e+04 
       3.469850354982e-02       1.881398264484e+04 
       3.485757615429e-02       1.873444832825e+04 
       3.501740864837e-02       1.865494730802e+04 
       3.517802340602e-02       1.857558310047e+04 
       3.533944363978e-02       1.849617978165e+04 
       3.550169344135e-02       1.841680152883e+04 
       3.566479782473e-02       1.833748168942e+04 
       3.582878277193e-02       1.825816263729e+04 
       3.599367528163e-02       1.817895022513e+04 
       3.615950342082e-02       1.809963986794e+04 
       3.632629637984e-02       1.802056212896e+04 
       3.649408453089e-02       1.794131574438e+04 
       3.666289949047e-02       1.786227601549e+04 
       3.683277418587e-02       1.778310920132e+04 
       3.700374292622e-02       1.770418419721e+04 
       3.717584147836e-02       1.762508460848e+04 
       3.734910714790e-02       1.754612495940e+04 
       3.752357886606e-02       1.746724696170e+04 
       3.769929728257e-02       1.738829777129e+04 
       3.787630486532e-02       1.730937956831e+04 
       3.805464600725e-02       1.723055826310e+04 
       3.823436714120e-02       1.715175580715e+04 
       3.841551686330e-02       1.707293231437e+04 
       3.859814606585e-02       1.699415052763e+04 
       3.878230808040e-02       1.691547250130e+04 
       3.896805883211e-02       1.683673736998e+04 
       3.915545700634e-02       1.675797692582e+04 
       3.934456422877e-02       1.667926248611e+04 
       3.953544526030e-02       1.660060380168e+04 
       3.972816820820e-02       1.652186783981e+04 
       3.992280475515e-02       1.644319822223e+04 
       4.011943040803e-02       1.636455357425e+04 
       4.031812476851e-02       1.628584116584e+04 
       4.051897182769e-02       1.620704571297e+04 
       4.072206028747e-02       1.612828266014e+04 
       4.092748391152e-02       1.604965661989e+04 
       4.113534190913e-02       1.597072803737e+04 
       4.134573935570e-02       1.589191820701e+04 
       4.155878765414e-02       1.581298916655e+04 
       4.177460504182e-02       1.573390159886e+04 
       4.199331714874e-02       1.565485408666e+04 
       4.221505761294e-02       1.557576612839e+04 
       4.243996876047e-02       1.549648688170e+04 
       4.266820235786e-02       1.541719903923e+04 
       4.289992044668e-02       1.533774427752e+04 
       4.313529627077e-02       1.525813646525e+04 
       4.337451530876e-02       1.517823533294e+04 
       4.361777642621e-02       1.509849250081e+04 
       4.386529316415e-02       1.501831839046e+04 
       4.411729518348e-02       1.493809227585e+04 
       4.437402988804e-02       1.485751456766e+04 
       4.463576425297e-02       1.477680917882e+04 
       4.490278688978e-02       1.469586396496e+04 
       4.517541038490e-02       1.461459368074e+04 
       4.545397395568e-02       1.453295417029e+04 
       4.573884647548e-02       1.445101648953e+04 
       4.603042992982e-02       1.436874707628e+04 
       4.632916337758e-02       1.428613130763e+04 
       4.663552750581e-02       1.420330513656e+04 
       4.695004988546e-02       1.411946429051e+04 
       4.727331105731e-02       1.403536569975e+04 
       4.760595160560e-02       1.395062347501e+04 
       4.794868041144e-02       1.386538277041e+04 
       4.830228432153e-02       1.377965378387e+04 
       4.866763952197e-02       1.369281977720e+04 
       4.904572497566e-02       1.360553996288e+04 
       4.943763836844e-02       1.351722832039e+04 
       4.984461511893e-02       1.342747698564e+04 
       5.026805114695e-02       1.333702442464e+04 
       5.070953027356e-02       1.324585578136e+04 
       5.117085735283e-02       1.315258502333e+04 
       5.165409852456e-02       1.305858401835e+04 
       5.216163034395e-02       1.296266832858e+04 
       5.269620000442e-02       1.286456704012e+04 
       5.326099944014e-02       1.276435183268e+04 
       5.385975677983e-02       1.266227471568e+04 
       5.449684940627e-02       1.255656524123e+04 
       5.517744368190e-02       1.244879356426e+04 
       5.590766703332e-02       1.233640580789e+04 
       5.669481810402e-02       1.221962456333e+04 
       5.754761915683e-02       1.209738769704e+04 
       5.847650999830e-02       1.196859354237e+04 
       5.949397095814e-02       1.183158243102e+04 
       6.061483784711e-02       1.168456891487e+04 
       6.185652490882e-02       1.152417696694e+04 
       6.323899109932e-02       1.134686344631e+04 
       6.478416611987e-02       1.114859551474e+04 
       6.651442599854e-02       1.092199179179e+04 
       6.844969459733e-02       1.066110097685e+04 
       7.060310282212e-02       1.035716023980e+04 
       7.297611186297e-02       1.000500319851e+04 
       7.555530159516e-02       9.601774898740e+03 
       7.831329487709e-02       9.151727988715e+03 
       8.121425378288e-02       8.665357354390e+03 
       8.422131690539e-02       8.159703412657e+03 
       8.730241681423e-02       7.654375056551e+03 
       9.043281947554e-02       7.168428356240e+03 
       9.359498935992e-02       6.717897156647e+03 
       9.677718169444e-02       6.314345372433e+03 
       9.997181668838e-02       5.964009932143e+03 
       1.031741165767e-01       5.668331552858e+03 
       1.063811137965e-01       5.423925580148e+03 
       1.095909817395e-01       5.224834804131e+03 
       1.128026022205e-01       5.062425469621e+03 
       1.160152929310e-01       4.926711473329e+03 
       1.192286382739e-01       4.807537601935e+03 
       1.224423853148e-01       4.694998250602e+03 
       1.256563801312e-01       4.580695899036e+03 
       1.288705290038e-01       4.458069638738e+03 
       1.320847747995e-01       4.323417033498e+03 
       1.352990826164e-01       4.175330719415e+03 
       1.385134310644e-01       4.014976636659e+03 
       1.417278069700e-01       3.845814400829e+03 
       1.449422021614e-01       3.672143604236e+03 
       1.481566115158e-01       3.499412529849e+03 
       1.513710317737e-01       3.332608607925e+03 
       1.545854608180e-01       3.176102484062e+03 
       1.577998972358e-01       3.033361342186e+03 
       1.610143400508e-01       2.906531678506e+03 
       1.642287885611e-01       2.796432598722e+03 
       1.674432422393e-01       2.702604588314e+03 
       1.706577006711e-01       2.623517167553e+03 
       1.738721635176e-01       2.556860787199e+03 
       1.770866304921e-01       2.499686311085e+03 
       1.803011013449e-01       2.448973439387e+03 
       1.835155758541e-01       2.401735329030e+03 
       1.867300538193e-01       2.355441104910e+03 
       1.899445350576e-01       2.307322265153e+03 
       1.931590194004e-01       2.255565996128e+03 
       1.963735066919e-01       2.199378908166e+03 
       1.995879967871e-01       2.138638670804e+03 
       2.028024895507e-01       2.074023765117e+03 
       2.060169848565e-01       2.006875898433e+03 
       2.092314825861e-01       1.938840349332e+03 
       2.124459826283e-01       1.871445592099e+03 
       2.156604848790e-01       1.806389612435e+03 
       2.188749892401e-01       1.744867813922e+03 
       2.220894956192e-01       1.687793471112e+03 
       2.253040039292e-01       1.635822491196e+03 
       2.285185140883e-01       1.589126343830e+03 
       2.317330260187e-01       1.547633619121e+03 
       2.349475396474e-01       1.510937735165e+03 
       2.381620549052e-01       1.478419558736e+03 
       2.413765717264e-01       1.449144782608e+03 
       2.445910900491e-01       1.422150941947e+03 
       2.478056098144e-01       1.396443419179e+03 
       2.510201309666e-01       1.371114926616e+03 
       2.542346534528e-01       1.345429624737e+03 
       2.574491772226e-01       1.318934137115e+03 
       2.606637022283e-01       1.291345820850e+03 
       2.638782284244e-01       1.262579775327e+03 
       2.670927557677e-01       1.232841392478e+03 
       2.703072842171e-01       1.202377071915e+03 
       2.735218137332e-01       1.171600178343e+03 
       2.767363442788e-01       1.141022449286e+03 
       2.799508758181e-01       1.111129879506e+03 
       2.831654083172e-01       1.082390238025e+03 
       2.863799417435e-01       1.055209697923e+03 
       2.895944760659e-01       1.029799160964e+03 
       2.928090112549e-01       1.006281998518e+03 
       2.960235472819e-01       9.846299156080e+02 
       2.992380841200e-01       9.646830907786e+02 
       3.024526217430e-01       9.462131928345e+02 
       3.056671601261e-01       9.289665002496e+02 
       3.088816992454e-01       9.126341893110e+02 
       3.120962390780e-01       8.969514021432e+02 
       3.153107796021e-01       8.816565264463e+02 
       3.185253207966e-01       8.664667481341e+02 
       3.217398626413e-01       8.512119960116e+02 
       3.249544051168e-01       8.357673040438e+02 
       3.281689482045e-01       8.200862199625e+02 
       3.313834918864e-01       8.041790068821e+02 
       3.345980361454e-01       7.881978816122e+02 
       3.378125809650e-01       7.722008024453e+02 
       3.410271263291e-01       7.563938962269e+02 
       3.442416722225e-01       7.408921913606e+02 
       3.474562186304e-01       7.258184718697e+02 
       3.506707655386e-01       7.112789192384e+02 
       3.538853129334e-01       6.973481555791e+02 
       3.570998608016e-01       6.840801162286e+02 
       3.603144091304e-01       6.714970330116e+02 
       3.635289579077e-01       6.595854798881e+02 
       3.667435071215e-01       6.482856098746e+02 
       3.699580567605e-01       6.375191464385e+02 
       3.731726068135e-01       6.271749257254e+02 
       3.763871572700e-01       6.171556178910e+02 
       3.796017081196e-01       6.073629725982e+02 
       3.828162593525e-01       5.977226960384e+02 
       3.860308109589e-01       5.881819956415e+02 
       3.892453629296e-01       5.787239106486e+02 
       3.924599152556e-01       5.692801432498e+02 
       3.956744679282e-01       5.599055926313e+02 
       3.988890209391e-01       5.505799481600e+02 
       4.021035742800e-01       5.413281616360e+02 
       4.053181279430e-01       5.321810169479e+02 
       4.085326819206e-01       5.231809485223e+02 
       4.117472362054e-01       5.143711167905e+02 
       4.149617907901e-01       5.057921348600e+02 
       4.181763456678e-01       4.974665422808e+02 
       4.213909008319e-01       4.894054763836e+02 
       4.246054562757e-01       4.816104477481e+02 
       4.278200119930e-01       4.740702296089e+02 
       4.310345679775e-01       4.667791064933e+02 
       4.342491242235e-01       4.597141149690e+02 
       4.374636807249e-01       4.528700318979e+02 
       4.406782374764e-01       4.462172302711e+02 
       4.438927944723e-01       4.397371980154e+02 
       4.471073517074e-01       4.333838536263e+02 
       4.503219091766e-01       4.271563903577e+02 
       4.535364668749e-01       4.210196770882e+02 
       4.567510247974e-01       4.149576120126e+02 
       4.599655829393e-01       4.089639835085e+02 
       4.631801412962e-01       4.030398906437e+02 
       4.663946998636e-01       3.971899204990e+02 
       4.696092586371e-01       3.914211997257e+02 
       4.728238176125e-01       3.857387552031e+02 
       4.760383767856e-01       3.801486788977e+02 
       4.792529361526e-01       3.746569572196e+02 
       4.824674957095e-01       3.692765823858e+02 
       4.856820554525e-01       3.640143724421e+02 
       4.888966153780e-01       3.588827183650e+02 
       4.921111754824e-01       3.538848483547e+02 
       4.953257357621e-01       3.490214816351e+02 
       4.985402962138e-01       3.442849035550e+02 
       5.017548568341e-01       3.396645186223e+02 
       5.049694176198e-01       3.351467776508e+02 
       5.081839785678e-01       3.307289805697e+02 
       5.113985396751e-01       3.263820307661e+02 
       5.146131009385e-01       3.221284770790e+02 
       5.178276623552e-01       3.179390563254e+02 
       5.210422239224e-01       3.138080577543e+02 
       5.242567856372e-01       3.097458839411e+02 
       5.274713474970e-01       3.057386424099e+02 
       5.306859094991e-01       3.017833947477e+02 
       5.339004716410e-01       2.978822875273e+02 
       5.371150339200e-01       2.940475030028e+02 
       5.403295963339e-01       2.902672658810e+02 
       5.435441588801e-01       2.865551067018e+02 
       5.467587215563e-01       2.829067653638e+02 
       5.499732843603e-01       2.793329428625e+02 
       5.531878472898e-01       2.758287314825e+02 
       5.564024103426e-01       2.723900531700e+02 
       5.596169735166e-01       2.690158161479e+02 
       5.628315368097e-01       2.657070926287e+02 
       5.660461002199e-01       2.624626297107e+02 
       5.692606637452e-01       2.592818140480e+02 
       5.724752273836e-01       2.561621952851e+02 
       5.756897911333e-01       2.530989858477e+02 
       5.789043549923e-01       2.500869921219e+02 
       5.821189189589e-01       2.471225713948e+02 
       5.853334830314e-01       2.442019685791e+02 
       5.885480472078e-01       2.413254595334e+02 
       5.917626114866e-01       2.384934826297e+02 
       5.949771758661e-01       2.357059743462e+02 
       5.981917403447e-01       2.329618817805e+02 
       6.014063049207e-01       2.302594787760e+02 
       6.046208695927e-01       2.275963387225e+02 
       6.078354343590e-01       2.249713509733e+02 
       6.110499992182e-01       2.223851070588e+02 
       6.142645641689e-01       2.198390414211e+02 
       6.174791292095e-01       2.173349079651e+02 
       6.206936943388e-01       2.148746815495e+02 
       6.239082595552e-01       2.124575210595e+02 
       6.271228248576e-01       2.100815045655e+02 
       6.303373902445e-01       2.077436336715e+02 
       6.335519557146e-01       2.054428228961e+02 
       6.367665212668e-01       2.031775610359e+02 
       6.399810868997e-01       2.009478905137e+02 
       6.431956526122e-01       1.987541433703e+02 
       6.464102184031e-01       1.965964572259e+02 
       6.496247842711e-01       1.944723299104e+02 
       6.528393502153e-01       1.923798586956e+02 
       6.560539162343e-01       1.903168571363e+02 
       6.592684823272e-01       1.882818046980e+02 
       6.624830484928e-01       1.862741320227e+02 
       6.656976147301e-01       1.842949110965e+02 
       6.689121810381e-01       1.823447004007e+02 
       6.721267474158e-01       1.804242270542e+02 
       6.753413138621e-01       1.785328614942e+02 
       6.785558803760e-01       1.766692358877e+02 
       6.817704469567e-01       1.748317003509e+02 
       6.849850136032e-01       1.730195717280e+02 
       6.881995803145e-01       1.712320955252e+02 
       6.914141470897e-01       1.694710910837e+02 
       6.946287139280e-01       1.677368513839e+02 
       6.978432808285e-01       1.660295434541e+02 
       7.010578477902e-01       1.643481659912e+02 
       7.042724148125e-01       1.626917741779e+02 
       7.074869818944e-01       1.610577241425e+02 
       7.107015490352e-01       1.594457175033e+02 
       7.139161162340e-01       1.578548912302e+02 
       7.171306834901e-01       1.562859623292e+02 
       7.203452508027e-01       1.547392855885e+02 
       7.235598181710e-01       1.532150151015e+02 
       7.267743855943e-01       1.517123392272e+02 
       7.299889530719e-01       1.502300152390e+02 
       7.332035206030e-01       1.487666955934e+02 
       7.364180881870e-01       1.473217407619e+02 
       7.396326558231e-01       1.458951285545e+02 
       7.428472235108e-01       1.444876233526e+02 
       7.460617912492e-01       1.430997353066e+02 
       7.492763590378e-01       1.417316304271e+02 
       7.524909268760e-01       1.403827308105e+02 
       7.557054947630e-01       1.390518447916e+02 
       8.261336127547e-01       1.138147440881e+02 
       9.282682331365e-01       8.733012668265e+01 
       1.090874168577e+00       6.021412247876e+01 
       1.347361741725e+00       3.672161403734e+01 
       1.694184609643e+00       2.127242587025e+01 
       2.132818367785e+00       1.217773502282e+01 
       2.685059135627e+00       6.914154931947e+00 
       3.380289177966e+00       3.896687959809e+00 
       4.255531945354e+00       2.181410769509e+00 
       5.357397306708e+00       1.213661813755e+00 
       6.744563610492e+00       6.714854032481e-01 
       8.490902520711e+00       3.696050223411e-01 
       1.068941295239e+01       2.024788005748e-01 
       1.345717360293e+01       1.104355779962e-01 
       1.694157781965e+01       5.998544340414e-02 
       2.132818283304e+01       3.245717633782e-02 
       2.685059135591e+01       1.749672914439e-02 
       3.380289177966e+01       9.397674958625e-03 
