# Matter power spectrum P(k) at redshift z=0
# for k=1.05647e-05 to 34.5534 h/Mpc,
# number of wavenumbers equal to 621
#    1:k (h/Mpc)              2:P (Mpc/h)^3        
       1.056473425813e-05       5.278111202198e+01 
       2.342702558486e-05       1.124617957003e+02 
       3.633476487763e-05       1.706289181407e+02 
       4.932258173529e-05       2.280944535443e+02 
       6.242567992675e-05       2.852925617421e+02 
       7.568015038812e-05       3.425313392925e+02 
       8.912329424072e-05       4.000630036758e+02 
       1.027939601131e-04       4.581121976722e+02 
       1.167329000834e-04       5.168901901692e+02 
       1.309831485914e-04       5.766031704239e+02 
       1.455904286757e-04       6.374577716252e+02 
       1.606035898343e-04       6.996651537801e+02 
       1.760750816275e-04       7.634443404428e+02 
       1.920614667808e-04       8.290251250481e+02 
       2.086239768934e-04       8.966507717739e+02 
       2.258291127963e-04       9.665806125594e+02 
       2.437492899608e-04       1.039092597452e+03 
       2.624635269201e-04       1.114485828977e+03 
       2.820581711641e-04       1.193083084877e+03 
       3.026276520758e-04       1.275233266367e+03 
       3.242752438250e-04       1.361313739695e+03 
       3.471138123205e-04       1.451732443841e+03 
       3.712665089755e-04       1.546929601721e+03 
       3.968673599041e-04       1.647378856977e+03 
       4.240616822609e-04       1.753587537654e+03 
       4.530062402672e-04       1.866095745251e+03 
       4.838690333622e-04       1.985473802487e+03 
       5.168285903535e-04       2.112317688959e+03 
       5.520726304511e-04       2.247241903963e+03 
       5.897959503855e-04       2.390869314588e+03 
       6.301974137077e-04       2.543817600817e+03 
       6.734759616794e-04       2.706682170155e+03 
       7.198256413193e-04       2.880015606554e+03 
       7.694297571003e-04       3.064304346582e+03 
       8.224543922027e-04       3.259943766186e+03 
       8.790416955600e-04       3.467213386500e+03 
       9.393034630726e-04       3.686254615682e+03 
       1.003315619058e-03       3.917053498030e+03 
       1.071114193803e-03       4.159430818875e+03 
       1.142693277177e-03       4.413041099893e+03 
       1.218005215471e-03       4.677380870057e+03 
       1.296963046429e-03       4.951805275106e+03 
       1.379444893270e-03       5.235550654906e+03 
       1.465299821025e-03       5.527760989712e+03 
       1.554354538901e-03       5.827515920914e+03 
       1.646420322682e-03       6.133858825178e+03 
       1.741299614676e-03       6.445823389931e+03 
       1.838791900592e-03       6.762458125449e+03 
       1.938698623803e-03       7.082846004172e+03 
       2.040827045707e-03       7.406118239518e+03 
       2.144993077088e-03       7.731462794288e+03 
       2.251023182815e-03       8.058127460112e+03 
       2.358755503626e-03       8.385422229845e+03 
       2.468040351811e-03       8.712719743685e+03 
       2.578740231260e-03       9.039453082947e+03 
       2.690729515007e-03       9.365117936579e+03 
       2.803893891071e-03       9.689263866111e+03 
       2.918129664539e-03       1.001149167738e+04 
       3.033342982805e-03       1.033144626198e+04 
       3.149449032877e-03       1.064881384778e+04 
       3.266371245033e-03       1.096332064264e+04 
       3.384040525711e-03       1.127474730956e+04 
       3.502394533865e-03       1.158286608632e+04 
       3.621377008742e-03       1.188749249460e+04 
       3.740937152551e-03       1.218846698096e+04 
       3.861029068429e-03       1.248565074277e+04 
       3.981611252096e-03       1.277892675188e+04 
       4.102646134344e-03       1.306819520750e+04 
       4.224099670807e-03       1.335337170698e+04 
       4.345940975116e-03       1.363438265515e+04 
       4.468141991504e-03       1.391116859823e+04 
       4.590677202998e-03       1.418366991526e+04 
       4.713523371539e-03       1.445187330272e+04 
       4.836659306637e-03       1.471571932473e+04 
       4.960065659440e-03       1.497519893397e+04 
       5.083724739390e-03       1.523029606434e+04 
       5.207620350920e-03       1.548099906976e+04 
       5.331737647914e-03       1.572730192510e+04 
       5.456063003901e-03       1.596920321378e+04 
       5.580583896182e-03       1.620671261668e+04 
       5.705288802298e-03       1.643983194411e+04 
       5.830167107422e-03       1.666857940285e+04 
       5.955209021442e-03       1.689296834604e+04 
       6.080405504627e-03       1.711301852535e+04 
       6.205748200911e-03       1.732874802676e+04 
       6.331229377951e-03       1.754018054226e+04 
       6.456841873192e-03       1.774733491061e+04 
       6.582579045290e-03       1.795025138152e+04 
       6.708434730295e-03       1.814893757660e+04 
       6.834403202094e-03       1.834344160679e+04 
       6.960479136640e-03       1.853378307466e+04 
       7.086657579574e-03       1.872000603111e+04 
       7.212933916888e-03       1.890212461767e+04 
       7.339303848293e-03       1.908018367239e+04 
       7.465763363040e-03       1.925421722925e+04 
       7.592308717916e-03       1.942426581712e+04 
       7.718936417220e-03       1.959036243701e+04 
       7.845643194504e-03       1.975253866570e+04 
       7.972425995908e-03       1.991084200809e+04 
       8.099281964947e-03       2.006529971590e+04 
       8.226208428586e-03       2.021595876307e+04 
       8.353202884500e-03       2.036285616388e+04 
       8.480262989399e-03       2.050602601200e+04 
       8.607386548315e-03       2.064550663603e+04 
       8.734571504770e-03       2.078134961415e+04 
       8.861815931739e-03       2.091358292117e+04 
       8.989118023339e-03       2.104224571611e+04 
       9.116476087172e-03       2.116738094330e+04 
       9.243888537278e-03       2.128902939974e+04 
       9.371353887630e-03       2.140723212071e+04 
       9.498870746135e-03       2.152202361461e+04 
       9.626437809089e-03       2.163344211053e+04 
       9.754053856055e-03       2.174153617267e+04 
       9.881717745128e-03       2.184635099450e+04 
       1.000942840854e-02       2.194790587299e+04 
       1.013718484862e-02       2.204625115846e+04 
       1.026498613399e-02       2.214143009239e+04 
       1.039283139612e-02       2.223347733834e+04 
       1.052071982608e-02       2.232243206724e+04 
       1.064865067150e-02       2.240834070953e+04 
       1.077662323383e-02       2.249123243100e+04 
       1.090463686571e-02       2.257115495970e+04 
       1.103269096858e-02       2.264813278779e+04 
       1.116078499046e-02       2.272221846761e+04 
       1.128891842380e-02       2.279344989824e+04 
       1.141709080364e-02       2.286184901801e+04 
       1.154530170572e-02       2.292747642420e+04 
       1.167355074488e-02       2.299035178356e+04 
       1.180183757345e-02       2.305052340344e+04 
       1.193016187980e-02       2.310802070406e+04 
       1.205852338705e-02       2.316287524393e+04 
       1.218692185174e-02       2.321514143639e+04 
       1.231535706272e-02       2.326483686131e+04 
       1.244382884004e-02       2.331202099149e+04 
       1.257233703396e-02       2.335669963904e+04 
       1.270088152401e-02       2.339894005797e+04 
       1.282946221810e-02       2.343875752563e+04 
       1.295807905178e-02       2.347618449853e+04 
       1.308673198742e-02       2.351127102580e+04 
       1.321542101359e-02       2.354404389547e+04 
       1.334414614438e-02       2.357452611496e+04 
       1.347290741885e-02       2.360277137583e+04 
       1.360170490045e-02       2.362879247908e+04 
       1.373053867659e-02       2.365265072383e+04 
       1.385940885813e-02       2.367434985994e+04 
       1.398831557901e-02       2.369393927043e+04 
       1.411725899584e-02       2.371144158191e+04 
       1.424623928760e-02       2.372689693271e+04 
       1.437525665533e-02       2.374033667833e+04 
       1.450431132182e-02       2.375178332840e+04 
       1.463340353142e-02       2.376127772653e+04 
       1.476253354982e-02       2.376884261650e+04 
       1.489170166384e-02       2.377452316252e+04 
       1.502090818131e-02       2.377833962326e+04 
       1.515015343092e-02       2.378032605408e+04 
       1.527943776212e-02       2.378051209699e+04 
       1.540876154504e-02       2.377892386120e+04 
       1.553812517046e-02       2.377558773414e+04 
       1.566752904973e-02       2.377055159079e+04 
       1.579697361479e-02       2.376382066647e+04 
       1.592645931818e-02       2.375542279100e+04 
       1.605598663305e-02       2.374540430361e+04 
       1.618555605322e-02       2.373376179713e+04 
       1.631516809325e-02       2.372056159264e+04 
       1.644482328855e-02       2.370580359401e+04 
       1.657452219543e-02       2.368953474064e+04 
       1.670426539129e-02       2.367175716564e+04 
       1.683405347470e-02       2.365250870851e+04 
       1.696388706564e-02       2.363182836376e+04 
       1.709376680557e-02       2.360972316142e+04 
       1.722369335775e-02       2.358623185345e+04 
       1.735366740733e-02       2.356135440573e+04 
       1.748368966168e-02       2.353516808860e+04 
       1.761376085058e-02       2.350763528373e+04 
       1.774388172648e-02       2.347882249103e+04 
       1.787405306480e-02       2.344872910876e+04 
       1.800427566425e-02       2.341740780378e+04 
       1.813455034707e-02       2.338485810687e+04 
       1.826487795941e-02       2.335109114551e+04 
       1.839525937170e-02       2.331616492390e+04 
       1.852569547893e-02       2.328007093451e+04 
       1.865618720111e-02       2.324286273869e+04 
       1.878673548362e-02       2.320454027963e+04 
       1.891734129765e-02       2.316513805321e+04 
       1.904800564060e-02       2.312465871481e+04 
       1.917872953656e-02       2.308315215217e+04 
       1.930951403675e-02       2.304060166238e+04 
       1.944036022004e-02       2.299705160598e+04 
       1.957126919339e-02       2.295250140880e+04 
       1.970224209245e-02       2.290702376737e+04 
       1.983328008202e-02       2.286058397249e+04 
       1.996438435668e-02       2.281324688080e+04 
       2.009555614131e-02       2.276498008329e+04 
       2.022679669172e-02       2.271584713365e+04 
       2.035810729529e-02       2.266582903767e+04 
       2.048948927155e-02       2.261496884292e+04 
       2.062094397288e-02       2.256330176207e+04 
       2.075247278519e-02       2.251082694867e+04 
       2.088407712863e-02       2.245756393174e+04 
       2.101575845831e-02       2.240351253963e+04 
       2.114751826504e-02       2.234872377512e+04 
       2.127935807611e-02       2.229318619559e+04 
       2.141127945613e-02       2.223694420253e+04 
       2.154328400780e-02       2.217993112400e+04 
       2.167537337279e-02       2.212236979222e+04 
       2.180754923261e-02       2.206405647502e+04 
       2.193981330953e-02       2.200511746278e+04 
       2.207216736751e-02       2.194553004583e+04 
       2.220461321313e-02       2.188533127641e+04 
       2.233715269666e-02       2.182448823128e+04 
       2.246978771299e-02       2.176309237811e+04 
       2.260252020279e-02       2.170111372711e+04 
       2.273535215350e-02       2.163857548181e+04 
       2.286828560053e-02       2.157553259925e+04 
       2.300132262838e-02       2.151194861365e+04 
       2.313446537186e-02       2.144781971968e+04 
       2.326771601730e-02       2.138321045042e+04 
       2.340107680384e-02       2.131810075096e+04 
       2.353455002474e-02       2.125255198695e+04 
       2.366813802873e-02       2.118653925389e+04 
       2.380184322141e-02       2.112004837436e+04 
       2.393566806670e-02       2.105315241045e+04 
       2.406961508831e-02       2.098583586776e+04 
       2.420368687129e-02       2.091813226571e+04 
       2.433788606360e-02       2.085003049775e+04 
       2.447221537779e-02       2.078156877552e+04 
       2.460667759263e-02       2.071268645357e+04 
       2.474127555489e-02       2.064350431187e+04 
       2.487601218114e-02       2.057395100648e+04 
       2.501089045959e-02       2.050407717928e+04 
       2.514591345205e-02       2.043383807987e+04 
       2.528108429588e-02       2.036337097371e+04 
       2.541640620607e-02       2.029255931194e+04 
       2.555188247734e-02       2.022149565922e+04 
       2.568751648636e-02       2.015015050527e+04 
       2.582331169398e-02       2.007851885325e+04 
       2.595927164762e-02       2.000667441616e+04 
       2.609539998367e-02       1.993456529739e+04 
       2.623170042999e-02       1.986217266465e+04 
       2.636817680855e-02       1.978966489526e+04 
       2.650483303808e-02       1.971685320958e+04 
       2.664167313685e-02       1.964388113039e+04 
       2.677870122559e-02       1.957069323492e+04 
       2.691592153044e-02       1.949733825409e+04 
       2.705333838606e-02       1.942381931216e+04 
       2.719095623882e-02       1.935011807327e+04 
       2.732877965014e-02       1.927622586092e+04 
       2.746681329992e-02       1.920227180153e+04 
       2.760506199009e-02       1.912810448701e+04 
       2.774353064836e-02       1.905383893162e+04 
       2.788222433201e-02       1.897945692746e+04 
       2.802114823192e-02       1.890495054427e+04 
       2.816030767666e-02       1.883031514976e+04 
       2.829970813683e-02       1.875559977724e+04 
       2.843935522949e-02       1.868079463333e+04 
       2.857925472282e-02       1.860589607903e+04 
       2.871941254090e-02       1.853091682409e+04 
       2.885983476876e-02       1.845588381403e+04 
       2.900052765755e-02       1.838078742024e+04 
       2.914149762997e-02       1.830563627704e+04 
       2.928275128589e-02       1.823041642373e+04 
       2.942429540822e-02       1.815509280042e+04 
       2.956613696904e-02       1.807980807448e+04 
       2.970828313589e-02       1.800446663368e+04 
       2.985074127846e-02       1.792912535691e+04 
       2.999351897543e-02       1.785374687239e+04 
       3.013662402172e-02       1.777831655486e+04 
       3.028006443593e-02       1.770290645136e+04 
       3.042384846821e-02       1.762747962334e+04 
       3.056798460842e-02       1.755207783901e+04 
       3.071248159462e-02       1.747668064646e+04 
       3.085734842201e-02       1.740122466574e+04 
       3.100259435221e-02       1.732587254388e+04 
       3.114822892300e-02       1.725049426035e+04 
       3.129426195843e-02       1.717513464263e+04 
       3.144070357953e-02       1.709982734945e+04 
       3.158756421536e-02       1.702450157189e+04 
       3.173485461470e-02       1.694923728223e+04 
       3.188258585820e-02       1.687399249379e+04 
       3.203076937122e-02       1.679885481686e+04 
       3.217941693716e-02       1.672372203104e+04 
       3.232854071151e-02       1.664863464430e+04 
       3.247815323664e-02       1.657357672980e+04 
       3.262826745717e-02       1.649859854399e+04 
       3.277889673629e-02       1.642365394936e+04 
       3.293005487279e-02       1.634874981940e+04 
       3.308175611895e-02       1.627396413216e+04 
       3.323401519946e-02       1.619917947719e+04 
       3.338684733124e-02       1.612451702789e+04 
       3.354026824428e-02       1.604988380117e+04 
       3.369429420370e-02       1.597531148776e+04 
       3.384894203292e-02       1.590084661727e+04 
       3.400422913806e-02       1.582642384664e+04 
       3.416017353376e-02       1.575209001005e+04 
       3.431679387042e-02       1.567781932483e+04 
       3.447410946291e-02       1.560362605681e+04 
       3.463214032098e-02       1.552951663304e+04 
       3.479090718137e-02       1.545548276360e+04 
       3.495043154185e-02       1.538153964647e+04 
       3.511073569716e-02       1.530763427778e+04 
       3.527184277721e-02       1.523380573114e+04 
       3.543377678748e-02       1.516006149000e+04 
       3.559656265190e-02       1.508641940163e+04 
       3.576022625845e-02       1.501284484550e+04 
       3.592479450748e-02       1.493934275229e+04 
       3.609029536320e-02       1.486590352473e+04 
       3.625675790835e-02       1.479252288037e+04 
       3.642421240251e-02       1.471922846067e+04 
       3.659269034419e-02       1.464601497730e+04 
       3.676222453700e-02       1.457286196885e+04 
       3.693284916036e-02       1.449980593061e+04 
       3.710459984493e-02       1.442674669279e+04 
       3.727751375336e-02       1.435382589140e+04 
       3.745162966655e-02       1.428088505975e+04 
       3.762698807621e-02       1.420804512535e+04 
       3.780363128387e-02       1.413526499241e+04 
       3.798160350728e-02       1.406255564747e+04 
       3.816095099461e-02       1.398984515892e+04 
       3.834172214722e-02       1.391721311409e+04 
       3.852396765174e-02       1.384457047784e+04 
       3.870774062246e-02       1.377199582493e+04 
       3.889309675475e-02       1.369945287562e+04 
       3.908009449079e-02       1.362695472417e+04 
       3.926879519862e-02       1.355442747323e+04 
       3.945926336594e-02       1.348195784682e+04 
       3.965156681007e-02       1.340945177238e+04 
       3.984577690560e-02       1.333700993504e+04 
       4.004196883176e-02       1.326451990874e+04 
       4.024022184136e-02       1.319200745787e+04 
       4.044061955366e-02       1.311950331744e+04 
       4.064325027381e-02       1.304697046061e+04 
       4.084820734158e-02       1.297435886587e+04 
       4.105558951286e-02       1.290173298897e+04 
       4.126550137749e-02       1.282903258007e+04 
       4.147805381763e-02       1.275629860799e+04 
       4.169336451150e-02       1.268346531710e+04 
       4.191155848781e-02       1.261053142481e+04 
       4.213276873707e-02       1.253751777265e+04 
       4.235713688697e-02       1.246437419630e+04 
       4.258481394966e-02       1.239110832489e+04 
       4.281596115050e-02       1.231769203518e+04 
       4.305075084874e-02       1.224411227753e+04 
       4.328936756262e-02       1.217037351553e+04 
       4.353200911309e-02       1.209640614290e+04 
       4.377888790284e-02       1.202224596141e+04 
       4.403023234979e-02       1.194787460079e+04 
       4.428628849780e-02       1.187320052749e+04 
       4.454732183077e-02       1.179826688626e+04 
       4.481361932132e-02       1.172303392949e+04 
       4.508549175064e-02       1.164744471773e+04 
       4.536327634260e-02       1.157151954666e+04 
       4.564733976364e-02       1.149517732349e+04 
       4.593808154955e-02       1.141840410877e+04 
       4.623593803226e-02       1.134115616473e+04 
       4.654138685452e-02       1.126344383505e+04 
       4.685495217815e-02       1.118514637101e+04 
       4.717721071406e-02       1.110623037987e+04 
       4.750879872946e-02       1.102670882862e+04 
       4.785042022218e-02       1.094643869632e+04 
       4.820285649468e-02       1.086535760952e+04 
       4.856697741405e-02       1.078347040271e+04 
       4.894375471209e-02       1.070062636924e+04 
       4.933427776471e-02       1.061678029600e+04 
       4.973977239865e-02       1.053180412249e+04 
       5.016162341123e-02       1.044560475966e+04 
       5.060140166449e-02       1.035802245691e+04 
       5.106089683913e-02       1.026895940351e+04 
       5.154215721872e-02       1.017820618097e+04 
       5.204753823639e-02       1.008559671571e+04 
       5.257976197059e-02       9.990864071541e+03 
       5.314199034005e-02       9.893794381202e+03 
       5.373791542608e-02       9.794032867288e+03 
       5.437187112827e-02       9.691241100783e+03 
       5.504897116612e-02       9.584934783572e+03 
       5.577527908755e-02       9.474593762554e+03 
       5.655801600950e-02       9.359506176602e+03 
       5.740581040373e-02       9.238897753835e+03 
       5.832898957742e-02       9.111648727444e+03 
       5.933990124552e-02       8.976499329113e+03 
       6.045322987547e-02       8.831684130844e+03 
       6.168622706597e-02       8.675105840920e+03 
       6.305869663050e-02       8.503997190112e+03 
       6.459245803418e-02       8.314993922873e+03 
       6.630988393562e-02       8.104059926169e+03 
       6.823108336988e-02       7.866742719547e+03 
       7.036963059809e-02       7.598829159680e+03 
       7.272768050538e-02       7.297532538497e+03 
       7.529261181431e-02       6.963015586919e+03 
       7.803770259898e-02       6.599684515215e+03 
       8.092742631676e-02       6.216421208674e+03 
       8.392487015944e-02       5.825445438508e+03 
       8.699768768953e-02       5.440270607548e+03 
       9.012080011488e-02       5.073535944261e+03 
       9.327636407004e-02       4.735418598944e+03 
       9.645240037996e-02       4.432760468598e+03 
       9.964116623938e-02       4.168885028498e+03 
       1.028377764685e-01       3.943869820844e+03 
       1.060391949922e-01       3.755110446724e+03 
       1.092435523549e-01       3.597982177950e+03 
       1.124497038937e-01       3.466510028752e+03 
       1.156569510546e-01       3.354014110767e+03 
       1.188648683169e-01       3.253724285258e+03 
       1.220731966990e-01       3.159342786132e+03 
       1.252817785994e-01       3.065548257110e+03 
       1.284905180615e-01       2.968377154309e+03 
       1.316993565923e-01       2.865462389841e+03 
       1.349082584632e-01       2.756074702851e+03 
       1.381172017809e-01       2.640968550658e+03 
       1.413261730655e-01       2.522066638545e+03 
       1.445351639579e-01       2.402055641646e+03 
       1.477441692210e-01       2.283947794529e+03 
       1.509531855249e-01       2.170667751686e+03 
       1.541622107091e-01       2.064731066011e+03 
       1.573712433333e-01       1.968019071911e+03 
       1.605802824044e-01       1.881646001457e+03 
       1.637893272093e-01       1.805950397483e+03 
       1.669983772132e-01       1.740539230371e+03 
       1.702074319971e-01       1.684409900125e+03 
       1.734164912185e-01       1.636097301838e+03 
       1.766255545883e-01       1.593841047785e+03 
       1.798346218547e-01       1.555768682509e+03 
       1.830436927943e-01       1.520158883385e+03 
       1.862527672055e-01       1.485517818697e+03 
       1.894618449041e-01       1.450171009766e+03 
       1.926709257208e-01       1.413197442218e+03 
       1.958800094987e-01       1.374147834151e+03 
       1.990890960922e-01       1.333021739589e+03 
       2.022981853654e-01       1.290205620245e+03 
       2.055072771912e-01       1.246373278508e+03 
       2.087163714507e-01       1.202367544805e+03 
       2.119254680323e-01       1.159077058109e+03 
       2.151345668313e-01       1.117350479424e+03 
       2.183436677489e-01       1.077897955815e+03 
       2.215527706926e-01       1.041247162156e+03 
       2.247618755749e-01       1.007707447824e+03 
       2.279709823133e-01       9.773822457507e+02 
       2.311800908299e-01       9.501670324743e+02 
       2.343892010513e-01       9.257907816302e+02 
       2.375983129080e-01       9.038467984293e+02 
       2.408074263339e-01       8.838425030142e+02 
       2.440165412670e-01       8.652429478157e+02 
       2.472256576481e-01       8.475190764798e+02 
       2.504347754211e-01       8.301886786361e+02 
       2.536438945330e-01       8.128570272417e+02 
       2.568530149332e-01       7.952330105456e+02 
       2.600621365737e-01       7.771624853595e+02 
       2.632712594089e-01       7.586029452454e+02 
       2.664803833954e-01       7.396317041324e+02 
       2.696895084919e-01       7.204155447251e+02 
       2.728986346589e-01       7.011850720629e+02 
       2.761077618589e-01       6.821994677743e+02 
       2.793168900562e-01       6.637179859739e+02 
       2.825260192165e-01       6.459692337972e+02 
       2.857351493071e-01       6.291327753687e+02 
       2.889442802971e-01       6.133261068308e+02 
       2.921534121564e-01       5.986006133025e+02 
       2.953625448567e-01       5.849374490582e+02 
       2.985716783707e-01       5.722667566668e+02 
       3.017808126723e-01       5.604678252313e+02 
       3.049899477365e-01       5.493937997842e+02 
       3.081990835393e-01       5.388805530142e+02 
       3.114082200579e-01       5.287664977241e+02 
       3.146173572701e-01       5.189035290000e+02 
       3.178264951549e-01       5.091666114553e+02 
       3.210356336920e-01       4.994635120428e+02 
       3.242447728620e-01       4.897372148251e+02 
       3.274539126460e-01       4.799650155149e+02 
       3.306630530263e-01       4.701598750003e+02 
       3.338721939855e-01       4.603589078739e+02 
       3.370813355069e-01       4.506203803700e+02 
       3.402904775747e-01       4.410125860523e+02 
       3.434996201734e-01       4.316075766267e+02 
       3.467087632882e-01       4.224729204529e+02 
       3.499179069048e-01       4.136636802839e+02 
       3.531270510096e-01       4.052193321336e+02 
       3.563361955892e-01       3.971625774708e+02 
       3.595453406309e-01       3.894951595220e+02 
       3.627544861224e-01       3.822015354496e+02 
       3.659636320517e-01       3.752489573801e+02 
       3.691727784075e-01       3.686000504499e+02 
       3.723819251786e-01       3.622031400481e+02 
       3.755910723544e-01       3.560102946499e+02 
       3.788002199245e-01       3.499742009402e+02 
       3.820093678789e-01       3.440544595272e+02 
       3.852185162080e-01       3.382196344867e+02 
       3.884276649026e-01       3.324463955923e+02 
       3.916368139534e-01       3.267253952319e+02 
       3.948459633519e-01       3.210546924041e+02 
       3.980551130896e-01       3.154407640828e+02 
       4.012642631583e-01       3.098961493287e+02 
       4.044734135502e-01       3.044370571530e+02 
       4.076825642575e-01       2.990807039810e+02 
       4.108917152728e-01       2.938441647184e+02 
       4.141008665889e-01       2.887416846234e+02 
       4.173100181989e-01       2.837839698231e+02 
       4.205191700961e-01       2.789776707205e+02 
       4.237283222738e-01       2.743249674882e+02 
       4.269374747257e-01       2.698230426794e+02 
       4.301466274457e-01       2.654675311882e+02 
       4.333557804278e-01       2.612485356394e+02 
       4.365649336662e-01       2.571545116118e+02 
       4.397740871552e-01       2.531728384373e+02 
       4.429832408894e-01       2.492904710864e+02 
       4.461923948635e-01       2.454941496830e+02 
       4.494015490723e-01       2.417726321037e+02 
       4.526107035108e-01       2.381160016780e+02 
       4.558198581741e-01       2.345168227090e+02 
       4.590290130576e-01       2.309699004295e+02 
       4.622381681566e-01       2.274729379019e+02 
       4.654473234665e-01       2.240260679010e+02 
       4.686564789832e-01       2.206308904354e+02 
       4.718656347024e-01       2.172907686364e+02 
       4.750747906198e-01       2.140113593284e+02 
       4.782839467316e-01       2.107958602871e+02 
       4.814931030339e-01       2.076497396272e+02 
       4.847022595228e-01       2.045755658178e+02 
       4.879114161946e-01       2.015760832718e+02 
       4.911205730457e-01       1.986516385882e+02 
       4.943297300727e-01       1.958011478072e+02 
       4.975388872722e-01       1.930218840864e+02 
       5.007480446407e-01       1.903099706444e+02 
       5.039572021751e-01       1.876616206754e+02 
       5.071663598722e-01       1.850706409983e+02 
       5.103755177289e-01       1.825322149073e+02 
       5.135846757422e-01       1.800414116299e+02 
       5.167938339093e-01       1.775941359855e+02 
       5.200029922272e-01       1.751872302775e+02 
       5.232121506931e-01       1.728183550824e+02 
       5.264213093044e-01       1.704863642989e+02 
       5.296304680583e-01       1.681907635089e+02 
       5.328396269524e-01       1.659320152093e+02 
       5.360487859840e-01       1.637103897346e+02 
       5.392579451508e-01       1.615269576011e+02 
       5.424671044503e-01       1.593825998151e+02 
       5.456762638801e-01       1.572780232958e+02 
       5.488854234381e-01       1.552137523044e+02 
       5.520945831218e-01       1.531897109594e+02 
       5.553037429292e-01       1.512056336314e+02 
       5.585129028581e-01       1.492609085235e+02 
       5.617220629064e-01       1.473544961230e+02 
       5.649312230721e-01       1.454852447343e+02 
       5.681403833532e-01       1.436517035134e+02 
       5.713495437477e-01       1.418525246752e+02 
       5.745587042537e-01       1.400861231215e+02 
       5.777678648694e-01       1.383508900536e+02 
       5.809770255930e-01       1.366455895985e+02 
       5.841861864226e-01       1.349687242242e+02 
       5.873953473565e-01       1.333192666500e+02 
       5.906045083930e-01       1.316962034551e+02 
       5.938136695305e-01       1.300988493751e+02 
       5.970228307672e-01       1.285264545412e+02 
       6.002319921017e-01       1.269789108510e+02 
       6.034411535324e-01       1.254557598062e+02 
       6.066503150576e-01       1.239569143142e+02 
       6.098594766760e-01       1.224824162968e+02 
       6.130686383860e-01       1.210322162531e+02 
       6.162778001863e-01       1.196062480975e+02 
       6.194869620754e-01       1.182043457218e+02 
       6.226961240519e-01       1.168262524099e+02 
       6.259052861145e-01       1.154716687828e+02 
       6.291144482618e-01       1.141400660324e+02 
       6.323236104927e-01       1.128308687619e+02 
       6.355327728057e-01       1.115435143203e+02 
       6.387419351997e-01       1.102772131867e+02 
       6.419510976735e-01       1.090313463977e+02 
       6.451602602258e-01       1.078051835014e+02 
       6.483694228555e-01       1.065981609462e+02 
       6.515785855615e-01       1.054096778282e+02 
       6.547877483425e-01       1.042392394937e+02 
       6.579969111976e-01       1.030864215975e+02 
       6.612060741256e-01       1.019508964403e+02 
       6.644152371255e-01       1.008323368399e+02 
       6.676244001962e-01       9.973035434100e+01 
       6.708335633367e-01       9.864483733862e+01 
       6.740427265461e-01       9.757552264978e+01 
       6.772518898233e-01       9.652220644218e+01 
       6.804610531673e-01       9.548478766700e+01 
       6.836702165773e-01       9.446293593266e+01 
       6.868793800523e-01       9.345645647873e+01 
       6.900885435914e-01       9.246515649300e+01 
       6.932977071937e-01       9.148879191669e+01 
       6.965068708583e-01       9.052705812901e+01 
       6.997160345844e-01       8.957968654078e+01 
       7.029251983711e-01       8.864636648100e+01 
       7.061343622176e-01       8.772676985916e+01 
       7.093435261231e-01       8.682059318894e+01 
       7.125526900868e-01       8.592751288239e+01 
       7.157618541079e-01       8.504721571776e+01 
       7.189710181856e-01       8.417941351125e+01 
       7.221801823191e-01       8.332382613006e+01 
       7.253893465078e-01       8.248026483703e+01 
       7.285985107509e-01       8.164845955417e+01 
       7.318076750477e-01       8.082815813360e+01 
       7.350168393975e-01       8.001926944515e+01 
       7.382260037995e-01       7.922153326550e+01 
       7.414351682532e-01       7.843486349725e+01 
       7.446443327578e-01       7.765904302617e+01 
       7.478534973126e-01       7.689392512465e+01 
       7.510626619171e-01       7.613936033746e+01 
       7.542718265706e-01       7.539512655969e+01 
       7.574809912725e-01       7.466103272713e+01 
       7.606901560221e-01       7.393700016149e+01 
       8.334103993033e-01       5.985646360732e+01 
       9.399467729227e-01       4.520797781040e+01 
       1.110690271313e+00       3.050095736257e+01 
       1.376748805336e+00       1.826377076958e+01 
       1.383125864454e+00       1.806190893693e+01 
       1.731788734343e+00       1.047940860303e+01 
       2.180172653316e+00       5.956728663310e+00 
       2.744674702526e+00       3.362462739769e+00 
       3.455340730101e+00       1.885723535322e+00 
       4.350016251532e+00       1.051113623432e+00 
       5.476346000771e+00       5.825632754518e-01 
       6.894311144148e+00       3.211721444176e-01 
       8.679423496183e+00       1.761896889218e-01 
       1.092674679907e+01       9.621145892304e-02 
       1.375595921359e+01       5.231246599549e-02 
       1.731772661759e+01       2.832895307507e-02 
       2.180172611339e+01       1.528291272455e-02 
       2.744674702512e+01       8.214764355793e-03 
       3.455340730101e+01       4.399838841730e-03 
