# Matter power spectrum P(k) at redshift z=0
# for k=1.0287e-05 to 34.6186 h/Mpc,
# number of wavenumbers equal to 626
#    1:k (h/Mpc)              2:P (Mpc/h)^3        
       1.028696413042e-05       5.692825584339e+01 
       2.265130253375e-05       1.204911193819e+02 
       3.505634173192e-05       1.824393016932e+02 
       4.753283102032e-05       2.436184898971e+02 
       6.011199375637e-05       3.044774462533e+02 
       7.282578396275e-05       3.653315483937e+02 
       8.570715058025e-05       4.264364691769e+02 
       9.879031262662e-05       4.880178931135e+02 
       1.121110485439e-04       5.502863166443e+02 
       1.257070030460e-04       6.134456010942e+02 
       1.396180147947e-04       6.776985771864e+02 
       1.538864682059e-04       7.432511165831e+02 
       1.685576725985e-04       8.103153757348e+02 
       1.836802716875e-04       8.791125755671e+02 
       1.993066860399e-04       9.498755343309e+02 
       2.154935904810e-04       1.022851060711e+03 
       2.323024274490e-04       1.098302291744e+03 
       2.497999558233e-04       1.176511007255e+03 
       2.680588326311e-04       1.257779917241e+03 
       2.871582220624e-04       1.342434932711e+03 
       3.071844221625e-04       1.430827344073e+03 
       3.282314941560e-04       1.523335875635e+03 
       3.504018723112e-04       1.620368475411e+03 
       3.738069233462e-04       1.722363737586e+03 
       3.985674134536e-04       1.829791717902e+03 
       4.248138281671e-04       1.943153956418e+03 
       4.526864759255e-04       2.062982372209e+03 
       4.823352913313e-04       2.189836717004e+03 
       5.139192405502e-04       2.324300141893e+03 
       5.476052219085e-04       2.466972590391e+03 
       5.835663535143e-04       2.618461488025e+03 
       6.219795516469e-04       2.779369578796e+03 
       6.630223341399e-04       2.950279673976e+03 
       7.068688365917e-04       3.131736518716e+03 
       7.536851077795e-04       3.324226213835e+03 
       8.036238507709e-04       3.528154112494e+03 
       8.568188873598e-04       3.743822544811e+03 
       9.133797271025e-04       3.971410069979e+03 
       9.733866941875e-04       4.210954262191e+03 
       1.036887081086e-03       4.462339869790e+03 
       1.103892740679e-03       4.725293981620e+03 
       1.174379397174e-03       4.999389126680e+03 
       1.248287769022e-03       5.284054279589e+03 
       1.325526389107e-03       5.578573654182e+03 
       1.405975820504e-03       5.882136948235e+03 
       1.489493836022e-03       6.193896508146e+03 
       1.575921076016e-03       6.512929290895e+03 
       1.665086720968e-03       6.838289857233e+03 
       1.756813795553e-03       7.169033760632e+03 
       1.850923833193e-03       7.504237044051e+03 
       1.947240748480e-03       7.843011647587e+03 
       2.045593869517e-03       8.184517273645e+03 
       2.145820162263e-03       8.527969013118e+03 
       2.247765731405e-03       8.872641090487e+03 
       2.351286709758e-03       9.217870410177e+03 
       2.456249656201e-03       9.563054514659e+03 
       2.562531576950e-03       9.907650393720e+03 
       2.670019672052e-03       1.025117124865e+04 
       2.778610892600e-03       1.059318317025e+04 
       2.888211377305e-03       1.093330314436e+04 
       2.998735821389e-03       1.127118929846e+04 
       3.110106817170e-03       1.160654496200e+04 
       3.222254194563e-03       1.193910597301e+04 
       3.335114380791e-03       1.226864587353e+04 
       3.448629791805e-03       1.259496319165e+04 
       3.562748262828e-03       1.291788815840e+04 
       3.677422521721e-03       1.323726919259e+04 
       3.792609706291e-03       1.355297909085e+04 
       3.908270924889e-03       1.386490959428e+04 
       4.024370858496e-03       1.417296515487e+04 
       4.140877401829e-03       1.447707187956e+04 
       4.257761340580e-03       1.477716042666e+04 
       4.374996061816e-03       1.507318208644e+04 
       4.492557294528e-03       1.536509328849e+04 
       4.610422877428e-03       1.565285911056e+04 
       4.728572551282e-03       1.593639471419e+04 
       4.846987773221e-03       1.621581533561e+04 
       4.965651550721e-03       1.649101416264e+04 
       5.084548293123e-03       1.676199955218e+04 
       5.203663678795e-03       1.702883363113e+04 
       5.322984536210e-03       1.729150249702e+04 
       5.442498737421e-03       1.754996747136e+04 
       5.562195102549e-03       1.780423642131e+04 
       5.682063314084e-03       1.805382561950e+04 
       5.802093839906e-03       1.829978503651e+04 
       5.922277864079e-03       1.854161654977e+04 
       6.042607224558e-03       1.877932955495e+04 
       6.163074357067e-03       1.901290075985e+04 
       6.283672244474e-03       1.924241609787e+04 
       6.404394371082e-03       1.946798556971e+04 
       6.525234681294e-03       1.968950892694e+04 
       6.646187542218e-03       1.990714529771e+04 
       6.767247709777e-03       2.012074690387e+04 
       6.888410297964e-03       2.033099019556e+04 
       7.009670750924e-03       2.053700338089e+04 
       7.131024817582e-03       2.073904438006e+04 
       7.252468528530e-03       2.093769543943e+04 
       7.373998174994e-03       2.113242105509e+04 
       7.495610289624e-03       2.132352143404e+04 
       7.617301628973e-03       2.151054187446e+04 
       7.739069157475e-03       2.169410086334e+04 
       7.860910032778e-03       2.187399663861e+04 
       7.982821592330e-03       2.205019923984e+04 
       8.104801341056e-03       2.222306905817e+04 
       8.226846940076e-03       2.239315256537e+04 
       8.348956196319e-03       2.255892221223e+04 
       8.471127052991e-03       2.272128277449e+04 
       8.593357580798e-03       2.288021251272e+04 
       8.715645969858e-03       2.303574663822e+04 
       8.837990522257e-03       2.318797574955e+04 
       8.960389645168e-03       2.333599794385e+04 
       9.082841844514e-03       2.348138866397e+04 
       9.205345719098e-03       2.362399503662e+04 
       9.327899955189e-03       2.376407099286e+04 
       9.450503321501e-03       2.390003718934e+04 
       9.573154664552e-03       2.403201477296e+04 
       9.695852904364e-03       2.416276537628e+04 
       9.818597030470e-03       2.428845539530e+04 
       9.941386098221e-03       2.441300970236e+04 
       1.006421922535e-02       2.453362660316e+04 
       1.018709558877e-02       2.465127712351e+04 
       1.031001442166e-02       2.476603754578e+04 
       1.043297501063e-02       2.487784205888e+04 
       1.055597669327e-02       2.498673980434e+04 
       1.067901885565e-02       2.509282345942e+04 
       1.080210093022e-02       2.519538857291e+04 
       1.092522239366e-02       2.529563871303e+04 
       1.104838276503e-02       2.539436721496e+04 
       1.117158160392e-02       2.548921429440e+04 
       1.129481850885e-02       2.558048106787e+04 
       1.141809311568e-02       2.567006795927e+04 
       1.154140509618e-02       2.575717697445e+04 
       1.166475415671e-02       2.584259066645e+04 
       1.178814003692e-02       2.592334125221e+04 
       1.191156250865e-02       2.600364484195e+04 
       1.203502137482e-02       2.608008193398e+04 
       1.215851646841e-02       2.615379262493e+04 
       1.228204765156e-02       2.622615331306e+04 
       1.240561481468e-02       2.629451039484e+04 
       1.252921787565e-02       2.636243480074e+04 
       1.265285677909e-02       2.642712965505e+04 
       1.277653149564e-02       2.648786144997e+04 
       1.290024202135e-02       2.654826361525e+04 
       1.302398837711e-02       2.660584095924e+04 
       1.314777060803e-02       2.666069488118e+04 
       1.327158878305e-02       2.671411220899e+04 
       1.339544299438e-02       2.676559723626e+04 
       1.351933335717e-02       2.681295910552e+04 
       1.364326000908e-02       2.685928024247e+04 
       1.376722310993e-02       2.690352184858e+04 
       1.389122284144e-02       2.694716643273e+04 
       1.401525940691e-02       2.698716564656e+04 
       1.413933303097e-02       2.702427329633e+04 
       1.426344395941e-02       2.706122984463e+04 
       1.438759245893e-02       2.709413506842e+04 
       1.451177881701e-02       2.712672883541e+04 
       1.463600334177e-02       2.715674843161e+04 
       1.476026636187e-02       2.718374316980e+04 
       1.488456822640e-02       2.721020565038e+04 
       1.500890930480e-02       2.723529989198e+04 
       1.513328998688e-02       2.725623346412e+04 
       1.525771068273e-02       2.727682754643e+04 
       1.538217182276e-02       2.729552068682e+04 
       1.550667385771e-02       2.731273145378e+04 
       1.563121725869e-02       2.732750086144e+04 
       1.575580251723e-02       2.734078598400e+04 
       1.588043014538e-02       2.735232995714e+04 
       1.600510067577e-02       2.736218176318e+04 
       1.612981466177e-02       2.737023053729e+04 
       1.625457267758e-02       2.737702291083e+04 
       1.637937531841e-02       2.738152035755e+04 
       1.650422320063e-02       2.738472840877e+04 
       1.662911696197e-02       2.738641416561e+04 
       1.675405726168e-02       2.738747667264e+04 
       1.687904478082e-02       2.738464873253e+04 
       1.700408022241e-02       2.738160952890e+04 
       1.712916431173e-02       2.737691067305e+04 
       1.725429779661e-02       2.737192833513e+04 
       1.737948144763e-02       2.736422812243e+04 
       1.750471605851e-02       2.735515201683e+04 
       1.763000244636e-02       2.734333800479e+04 
       1.775534145206e-02       2.733176602282e+04 
       1.788073394056e-02       2.731932777041e+04 
       1.800618080130e-02       2.730452162115e+04 
       1.813168294855e-02       2.728748691779e+04 
       1.825724132182e-02       2.727009547034e+04 
       1.838285688628e-02       2.725144345735e+04 
       1.850853063320e-02       2.723098783989e+04 
       1.863426358040e-02       2.720992817501e+04 
       1.876005677269e-02       2.718771462277e+04 
       1.888591128240e-02       2.716409287437e+04 
       1.901182820984e-02       2.713913881578e+04 
       1.913780868388e-02       2.711173063265e+04 
       1.926385386242e-02       2.708429569485e+04 
       1.938996493302e-02       2.705563313926e+04 
       1.951614311344e-02       2.702686713315e+04 
       1.964238965224e-02       2.699542252035e+04 
       1.976870582944e-02       2.696305698089e+04 
       1.989509295711e-02       2.692994109191e+04 
       2.002155238008e-02       2.689564992861e+04 
       2.014808547659e-02       2.686030900353e+04 
       2.027469365903e-02       2.682397283940e+04 
       2.040137837464e-02       2.678653030622e+04 
       2.052814110628e-02       2.674820110204e+04 
       2.065498337323e-02       2.670917382985e+04 
       2.078190673194e-02       2.666835434572e+04 
       2.090891277694e-02       2.662724839764e+04 
       2.103600314160e-02       2.658565917553e+04 
       2.116317949910e-02       2.654243074664e+04 
       2.129044356327e-02       2.649773396247e+04 
       2.141779708961e-02       2.645241043924e+04 
       2.154524187615e-02       2.640721513706e+04 
       2.167277976458e-02       2.636029092040e+04 
       2.180041264116e-02       2.631291906855e+04 
       2.192814243787e-02       2.626395275108e+04 
       2.205597113346e-02       2.621443351171e+04 
       2.218390075459e-02       2.616495420717e+04 
       2.231193337703e-02       2.611359361805e+04 
       2.244007112681e-02       2.606191742010e+04 
       2.256831618150e-02       2.600960020302e+04 
       2.269667077150e-02       2.595639030279e+04 
       2.282513718133e-02       2.590256973597e+04 
       2.295371775099e-02       2.584797064626e+04 
       2.308241487744e-02       2.579272292210e+04 
       2.321123101595e-02       2.573681882778e+04 
       2.334016868168e-02       2.568017471685e+04 
       2.346923045121e-02       2.562333618673e+04 
       2.359841896411e-02       2.556529422509e+04 
       2.372773692463e-02       2.550705954176e+04 
       2.385718710339e-02       2.544760936016e+04 
       2.398677233911e-02       2.538748446870e+04 
       2.411649554052e-02       2.532714574396e+04 
       2.424635968812e-02       2.526620930070e+04 
       2.437636783623e-02       2.520461549048e+04 
       2.450652311494e-02       2.514266015091e+04 
       2.463682873218e-02       2.508008510897e+04 
       2.476728797592e-02       2.501694858206e+04 
       2.489790421634e-02       2.495330073601e+04 
       2.502868090814e-02       2.488917178439e+04 
       2.515962159293e-02       2.482451827499e+04 
       2.529072990166e-02       2.475933824796e+04 
       2.542200955720e-02       2.469416358061e+04 
       2.555346437695e-02       2.462781009855e+04 
       2.568509827555e-02       2.456157192183e+04 
       2.581691526775e-02       2.449442829529e+04 
       2.594891947128e-02       2.442701347565e+04 
       2.608111510995e-02       2.435940060544e+04 
       2.621350651670e-02       2.429116675259e+04 
       2.634609813693e-02       2.422273267138e+04 
       2.647889453185e-02       2.415399742099e+04 
       2.661190038196e-02       2.408469617042e+04 
       2.674512049073e-02       2.401511454746e+04 
       2.687855978830e-02       2.394510725051e+04 
       2.701222333545e-02       2.387454764619e+04 
       2.714611632762e-02       2.380419416859e+04 
       2.728024409915e-02       2.373322611097e+04 
       2.741461212765e-02       2.366167060795e+04 
       2.754922603855e-02       2.359013317674e+04 
       2.768409160980e-02       2.351826276015e+04 
       2.781921477685e-02       2.344608939319e+04 
       2.795460163770e-02       2.337374946599e+04 
       2.809025845825e-02       2.330120936840e+04 
       2.822619167783e-02       2.322831738650e+04 
       2.836240791496e-02       2.315523684612e+04 
       2.849891397333e-02       2.308166419409e+04 
       2.863571684808e-02       2.300800767549e+04 
       2.877282373228e-02       2.293418656070e+04 
       2.891024202374e-02       2.285980020323e+04 
       2.904797933206e-02       2.278575715344e+04 
       2.918604348604e-02       2.271116179325e+04 
       2.932444254134e-02       2.263657972133e+04 
       2.946318478856e-02       2.256175456275e+04 
       2.960227876159e-02       2.248671147723e+04 
       2.974173324641e-02       2.241126007344e+04 
       2.988155729022e-02       2.233612195201e+04 
       3.002176021103e-02       2.226044018934e+04 
       3.016235160769e-02       2.218481955117e+04 
       3.030334137033e-02       2.210899375534e+04 
       3.044473969133e-02       2.203292275247e+04 
       3.058655707685e-02       2.195664132459e+04 
       3.072880435878e-02       2.188051899389e+04 
       3.087149270740e-02       2.180414719128e+04 
       3.101463364457e-02       2.172755410415e+04 
       3.115823905758e-02       2.165108521437e+04 
       3.130232121372e-02       2.157421367463e+04 
       3.144689277554e-02       2.149762665860e+04 
       3.159196681686e-02       2.142052089848e+04 
       3.173755683967e-02       2.134367806707e+04 
       3.188367679180e-02       2.126663473849e+04 
       3.203034108560e-02       2.118949955124e+04 
       3.217756461755e-02       2.111211004240e+04 
       3.232536278890e-02       2.103478568075e+04 
       3.247375152744e-02       2.095739726649e+04 
       3.262274731047e-02       2.087998110340e+04 
       3.277236718895e-02       2.080241689892e+04 
       3.292262881308e-02       2.072485558882e+04 
       3.307355045925e-02       2.064724637684e+04 
       3.322515105852e-02       2.056954045263e+04 
       3.337745022676e-02       2.049174663703e+04 
       3.353046829650e-02       2.041395957805e+04 
       3.368422635063e-02       2.033605520722e+04 
       3.383874625820e-02       2.025816424929e+04 
       3.399405071217e-02       2.018021795529e+04 
       3.415016326967e-02       2.010227939284e+04 
       3.430710839455e-02       2.002416929416e+04 
       3.446491150263e-02       1.994611504722e+04 
       3.462359900985e-02       1.986797880910e+04 
       3.478319838341e-02       1.978986059387e+04 
       3.494373819620e-02       1.971176034763e+04 
       3.510524818481e-02       1.963347792862e+04 
       3.526775931139e-02       1.955515482876e+04 
       3.543130382956e-02       1.947680324816e+04 
       3.559591535491e-02       1.939844215621e+04 
       3.576162894018e-02       1.932001234076e+04 
       3.592848115586e-02       1.924176224213e+04 
       3.609651017631e-02       1.916312185567e+04 
       3.626575587209e-02       1.908462516081e+04 
       3.643625990903e-02       1.900608910856e+04 
       3.660806585453e-02       1.892740260225e+04 
       3.678121929177e-02       1.884869774089e+04 
       3.695576794260e-02       1.876995214272e+04 
       3.713176179983e-02       1.869106249167e+04 
       3.730925326985e-02       1.861224921423e+04 
       3.748829732648e-02       1.853334192509e+04 
       3.766895167721e-02       1.845446645307e+04 
       3.785127694296e-02       1.837528125439e+04 
       3.803533685273e-02       1.829623788009e+04 
       3.822119845462e-02       1.821688192592e+04 
       3.840893234488e-02       1.813770142874e+04 
       3.859861291685e-02       1.805807103384e+04 
       3.879031863189e-02       1.797865697466e+04 
       3.898413231466e-02       1.789902630438e+04 
       3.918014147532e-02       1.781937315837e+04 
       3.937843866169e-02       1.773927809691e+04 
       3.957912184481e-02       1.765941393036e+04 
       3.978229484144e-02       1.757911353025e+04 
       3.998806777819e-02       1.749869438942e+04 
       4.019655760182e-02       1.741823912552e+04 
       4.040788864165e-02       1.733746497122e+04 
       4.062219323012e-02       1.725680833808e+04 
       4.083961238915e-02       1.717552041534e+04 
       4.106029659036e-02       1.709412047012e+04 
       4.128440659910e-02       1.701255820992e+04 
       4.151211441318e-02       1.693081857354e+04 
       4.174360430925e-02       1.684872066305e+04 
       4.197907401172e-02       1.676620768776e+04 
       4.221873600162e-02       1.668358758547e+04 
       4.246281898549e-02       1.660046087789e+04 
       4.271156954797e-02       1.651726516934e+04 
       4.296525401591e-02       1.643331107109e+04 
       4.322416056653e-02       1.634903421120e+04 
       4.348860161817e-02       1.626431425972e+04 
       4.375891654948e-02       1.617920349060e+04 
       4.403547480111e-02       1.609350525214e+04 
       4.431867942503e-02       1.600723146686e+04 
       4.460897115898e-02       1.592040951809e+04 
       4.490683311972e-02       1.583284733270e+04 
       4.521279622776e-02       1.574464161519e+04 
       4.552744550084e-02       1.565608332128e+04 
       4.585142738251e-02       1.556603267973e+04 
       4.618545831025e-02       1.547559870342e+04 
       4.653033477331e-02       1.538381214003e+04 
       4.688694516965e-02       1.529117662945e+04 
       4.725628384500e-02       1.519783750709e+04 
       4.763946779075e-02       1.510250042487e+04 
       4.803775659627e-02       1.500639123071e+04 
       4.845257640281e-02       1.490856048347e+04 
       4.888554879894e-02       1.480910248613e+04 
       4.933852584370e-02       1.470781917799e+04 
       4.981363271612e-02       1.460469279090e+04 
       5.031331988453e-02       1.449869319299e+04 
       5.084042718232e-02       1.439085045782e+04 
       5.139826277882e-02       1.427934430517e+04 
       5.199070074323e-02       1.416577905461e+04 
       5.262230167589e-02       1.404739384721e+04 
       5.329846160592e-02       1.392548998390e+04 
       5.402559474124e-02       1.379814759176e+04 
       5.481135508563e-02       1.366481012601e+04 
       5.566489914819e-02       1.352437079366e+04 
       5.659718452996e-02       1.337524537756e+04 
       5.762128265644e-02       1.321569697425e+04 
       5.875265095191e-02       1.304296027092e+04 
       6.000924985415e-02       1.285317717496e+04 
       6.141129369238e-02       1.264340397300e+04 
       6.298029908578e-02       1.240679134875e+04 
       6.473700484487e-02       1.213638467658e+04 
       6.669786384410e-02       1.182618221157e+04 
       6.887043111218e-02       1.146918125815e+04 
       7.124915803524e-02       1.105959412533e+04 
       7.381406420170e-02       1.060049168882e+04 
       7.653396016441e-02       1.009760273197e+04 
       7.937310022787e-02       9.566514400707e+03 
       8.229789909853e-02       9.025188524918e+03 
       8.528098294290e-02       8.493590798978e+03 
       8.830218779013e-02       7.989568360359e+03 
       9.134765877783e-02       7.527061297536e+03 
       9.440830513734e-02       7.115354345827e+03 
       9.747833640790e-02       6.758498445253e+03 
       1.005541325274e-01       6.456052329830e+03 
       1.036334563247e-01       6.203473386909e+03 
       1.067149349540e-01       5.993362791628e+03 
       1.097977295031e-01       5.816659274453e+03 
       1.128813285674e-01       5.663055342703e+03 
       1.159654207748e-01       5.522544733219e+03 
       1.190498166191e-01       5.385418851662e+03 
       1.221344007299e-01       5.244559412547e+03 
       1.252191028019e-01       5.094387656251e+03 
       1.283038799159e-01       4.932325311875e+03 
       1.313887057971e-01       4.757997564578e+03 
       1.344735642903e-01       4.573788449081e+03 
       1.375584453987e-01       4.383081417725e+03 
       1.406433428776e-01       4.191270288272e+03 
       1.437282527740e-01       4.003142567128e+03 
       1.468131725379e-01       3.823570957476e+03 
       1.498981004824e-01       3.656723073103e+03 
       1.529830354556e-01       3.505319091344e+03 
       1.560679766395e-01       3.371027247126e+03 
       1.591529234278e-01       3.253989186538e+03 
       1.622378753506e-01       3.153242081267e+03 
       1.653228320284e-01       3.066943214568e+03 
       1.684077931431e-01       2.992397270153e+03 
       1.714927584199e-01       2.926521971260e+03 
       1.745777276162e-01       2.866121151955e+03 
       1.776627005136e-01       2.808473779957e+03 
       1.807476769138e-01       2.750850842494e+03 
       1.838326566343e-01       2.690806285668e+03 
       1.869176395066e-01       2.627040354319e+03 
       1.900026253743e-01       2.558867368634e+03 
       1.930876140917e-01       2.486663264777e+03 
       1.961726055226e-01       2.411318269520e+03 
       1.992575995398e-01       2.334395842626e+03 
       2.023425960237e-01       2.257502853565e+03 
       2.054275948623e-01       2.182348893091e+03 
       2.085125959502e-01       2.110359122558e+03 
       2.115975991883e-01       2.042650658760e+03 
       2.146826044832e-01       1.980073171130e+03 
       2.177676117468e-01       1.922937522968e+03 
       2.208526208960e-01       1.871495712620e+03 
       2.239376318525e-01       1.825351430854e+03 
       2.270226445420e-01       1.784093808347e+03 
       2.301076588943e-01       1.746894432436e+03 
       2.331926748430e-01       1.712701602612e+03 
       2.362776923252e-01       1.680573787168e+03 
       2.393627112812e-01       1.649527396709e+03 
       2.424477316544e-01       1.618545503205e+03 
       2.455327533911e-01       1.587199951744e+03 
       2.486177764401e-01       1.554951906944e+03 
       2.517028007529e-01       1.521734392163e+03 
       2.547878262833e-01       1.487451398401e+03 
       2.578728529875e-01       1.452367909966e+03 
       2.609578808234e-01       1.416783833603e+03 
       2.640429097513e-01       1.381313065488e+03 
       2.671279397330e-01       1.346277709818e+03 
       2.702129707323e-01       1.312303873196e+03 
       2.732980027144e-01       1.279805451991e+03 
       2.763830356464e-01       1.249127034710e+03 
       2.794680694966e-01       1.220447963200e+03 
       2.825531042347e-01       1.193811293263e+03 
       2.856381398318e-01       1.169129032612e+03 
       2.887231762603e-01       1.146199852483e+03 
       2.918082134936e-01       1.124769171965e+03 
       2.948932515063e-01       1.104537658860e+03 
       2.979782902742e-01       1.085206174085e+03 
       3.010633297738e-01       1.066487162202e+03 
       3.041483699828e-01       1.048133877285e+03 
       3.072334108797e-01       1.029851033147e+03 
       3.103184524440e-01       1.011464956012e+03 
       3.134034946557e-01       9.929372819655e+02 
       3.164885374959e-01       9.742300639914e+02 
       3.195735809463e-01       9.553966630536e+02 
       3.226586249893e-01       9.365629696187e+02 
       3.257436696079e-01       9.178660868126e+02 
       3.288287147860e-01       8.994623947401e+02 
       3.319137605078e-01       8.814925837818e+02 
       3.349988067583e-01       8.640394688677e+02 
       3.380838535228e-01       8.472425727061e+02 
       3.411689007875e-01       8.311452679266e+02 
       3.442539485387e-01       8.157994658424e+02 
       3.473389967635e-01       8.012244430664e+02 
       3.504240454493e-01       7.873445807083e+02 
       3.535090945840e-01       7.741069259092e+02 
       3.565941441559e-01       7.614285447649e+02 
       3.596791941537e-01       7.491880763076e+02 
       3.627642445664e-01       7.372766368963e+02 
       3.658492953836e-01       7.256007047104e+02 
       3.689343465950e-01       7.140906336290e+02 
       3.720193981908e-01       7.026973010715e+02 
       3.751044501615e-01       6.913958368329e+02 
       3.781895024978e-01       6.801718148654e+02 
       3.812745551909e-01       6.690225018702e+02 
       3.843596082321e-01       6.579643700008e+02 
       3.874446616131e-01       6.470214205757e+02 
       3.905297153258e-01       6.362344370065e+02 
       3.936147693624e-01       6.256457483891e+02 
       3.966998237152e-01       6.153011329057e+02 
       3.997848783770e-01       6.052349616168e+02 
       4.028699333405e-01       5.954676625011e+02 
       4.059549885990e-01       5.860046963292e+02 
       4.090400441456e-01       5.768417049106e+02 
       4.121250999740e-01       5.679670062236e+02 
       4.152101560778e-01       5.593634251070e+02 
       4.182952124508e-01       5.510172696879e+02 
       4.213802690872e-01       5.429072237959e+02 
       4.244653259812e-01       5.350198072509e+02 
       4.275503831271e-01       5.273005391079e+02 
       4.306354405197e-01       5.197454618965e+02 
       4.337204981535e-01       5.123178000246e+02 
       4.368055560234e-01       5.049942059174e+02 
       4.398906141245e-01       4.977612864339e+02 
       4.429756724519e-01       4.906170268515e+02 
       4.460607310009e-01       4.835632177315e+02 
       4.491457897670e-01       4.766128330406e+02 
       4.522308487456e-01       4.697515808569e+02 
       4.553159079324e-01       4.630175001326e+02 
       4.584009673232e-01       4.563867796085e+02 
       4.614860269140e-01       4.498720362272e+02 
       4.645710867006e-01       4.434994398117e+02 
       4.676561466793e-01       4.372709448980e+02 
       4.707412068461e-01       4.311950233338e+02 
       4.738262671976e-01       4.252748266640e+02 
       4.769113277300e-01       4.195062016163e+02 
       4.799963884398e-01       4.138793998591e+02 
       4.830814493237e-01       4.083821049664e+02 
       4.861665103782e-01       4.030085700317e+02 
       4.892515716003e-01       3.977336467021e+02 
       4.923366329867e-01       3.925560151878e+02 
       4.954216945343e-01       3.874691665278e+02 
       4.985067562401e-01       3.824672309504e+02 
       5.015918181013e-01       3.775431435598e+02 
       5.046768801149e-01       3.726904408704e+02 
       5.077619422782e-01       3.679042623445e+02 
       5.108470045884e-01       3.631832878208e+02 
       5.139320670429e-01       3.585292411583e+02 
       5.170171296391e-01       3.539408817195e+02 
       5.201021923744e-01       3.494365434807e+02 
       5.231872552465e-01       3.450146777604e+02 
       5.262723182529e-01       3.406756974926e+02 
       5.293573813912e-01       3.364188129572e+02 
       5.324424446591e-01       3.322411713576e+02 
       5.355275080544e-01       3.281411510596e+02 
       5.386125715749e-01       3.241171572286e+02 
       5.416976352184e-01       3.201696602714e+02 
       5.447826989829e-01       3.162981008812e+02 
       5.478677628664e-01       3.125006942873e+02 
       5.509528268667e-01       3.087733892609e+02 
       5.540378909819e-01       3.051106933611e+02 
       5.571229552102e-01       3.015072379093e+02 
       5.602080195496e-01       2.979589879405e+02 
       5.632930839983e-01       2.944640617741e+02 
       5.663781485546e-01       2.910222033537e+02 
       5.694632132167e-01       2.876338472989e+02 
       5.725482779828e-01       2.842984958185e+02 
       5.756333428513e-01       2.810149387547e+02 
       5.787184078205e-01       2.777802686420e+02 
       5.818034728889e-01       2.745925461985e+02 
       5.848885380549e-01       2.714513892162e+02 
       5.879736033169e-01       2.683572051659e+02 
       5.910586686734e-01       2.653122700669e+02 
       5.941437341229e-01       2.623181372161e+02 
       5.972287996640e-01       2.593752374846e+02 
       6.003138652954e-01       2.564827008899e+02 
       6.033989310155e-01       2.536378881582e+02 
       6.064839968230e-01       2.508424393750e+02 
       6.095690627167e-01       2.480861665839e+02 
       6.126541286951e-01       2.453725260818e+02 
       6.157391947571e-01       2.427012979061e+02 
       6.188242609013e-01       2.400727820575e+02 
       6.219093271266e-01       2.374858128497e+02 
       6.249943934317e-01       2.349386208991e+02 
       6.280794598155e-01       2.324286677354e+02 
       6.311645262768e-01       2.299531751251e+02 
       6.342495928144e-01       2.275150226357e+02 
       6.373346594274e-01       2.251068834230e+02 
       6.404197261144e-01       2.227322904400e+02 
       6.435047928746e-01       2.203933797963e+02 
       6.465898597069e-01       2.180899806339e+02 
       6.496749266101e-01       2.158207121976e+02 
       6.527599935834e-01       2.135841711893e+02 
       6.558450606257e-01       2.113787163897e+02 
       6.589301277360e-01       2.092005969338e+02 
       6.620151949134e-01       2.070564588830e+02 
       6.651002621570e-01       2.049436161524e+02 
       6.681853294659e-01       2.028626061963e+02 
       6.712703968391e-01       2.008092296898e+02 
       6.743554642757e-01       1.987901198696e+02 
       6.774405317749e-01       1.967996493516e+02 
       6.805255993359e-01       1.948401592900e+02 
       6.836106669577e-01       1.929047882983e+02 
       6.866957346396e-01       1.909921360891e+02 
       6.897808023808e-01       1.891092623522e+02 
       6.928658701805e-01       1.872484997475e+02 
       6.959509380378e-01       1.854129969328e+02 
       6.990360059521e-01       1.836064318717e+02 
       7.021210739226e-01       1.818241629927e+02 
       7.052061419485e-01       1.800677472558e+02 
       7.082912100291e-01       1.783299259481e+02 
       7.113762781637e-01       1.766173511139e+02 
       7.144613463516e-01       1.749251376135e+02 
       7.175464145921e-01       1.732565694665e+02 
       7.206314828845e-01       1.716113911933e+02 
       7.237165512282e-01       1.699860234503e+02 
       7.268016196225e-01       1.683846604914e+02 
       7.298866880668e-01       1.668035095100e+02 
       7.329717565604e-01       1.652421252296e+02 
       7.360568251027e-01       1.637011278232e+02 
       7.391418936931e-01       1.621798961019e+02 
       7.422269623310e-01       1.606766324408e+02 
       8.165511237034e-01       1.296943633462e+02 
       9.274113766215e-01       9.712607120503e+01 
       1.106600786071e+00       6.461965747401e+01 
       1.378768128702e+00       3.855756536535e+01 
       1.383125864454e+00       3.827019634752e+01 
       1.735047812727e+00       2.225393279069e+01 
       2.184288155491e+00       1.271428706747e+01 
       2.749855851380e+00       7.204425947303e+00 
       3.461863410070e+00       4.051712311535e+00 
       4.358227819098e+00       2.263195463266e+00 
       5.486683751850e+00       1.256456733115e+00 
       6.907325601682e+00       6.935927089077e-01 
       8.695807727494e+00       3.808770139952e-01 
       1.094737332422e+01       2.081681995479e-01 
       1.378192647026e+01       1.132682413360e-01 
       1.735041745688e+01       6.137780034196e-02 
       2.184288144171e+01       3.312972599580e-02 
       2.749855851377e+01       1.781630690198e-02 
       3.461863410070e+01       9.546458677330e-03 
