# Matter power spectrum P(k) at redshift z=0
# for k=1.05647e-05 to 34.5534 h/Mpc,
# number of wavenumbers equal to 621
#    1:k (h/Mpc)              2:P (Mpc/h)^3        
       1.056473425813e-05       5.275098567076e+01 
       2.342702558486e-05       1.123977564346e+02 
       3.633476487763e-05       1.705321615199e+02 
       4.932258173529e-05       2.279658882873e+02 
       6.242567992675e-05       2.851330308482e+02 
       7.568015038812e-05       3.423417017842e+02 
       8.912329424072e-05       3.998441803742e+02 
       1.027939601131e-04       4.578652049797e+02 
       1.167329000834e-04       5.166161700917e+02 
       1.309831485914e-04       5.763034204740e+02 
       1.455904286757e-04       6.370875509830e+02 
       1.606035898343e-04       6.992626823086e+02 
       1.760750816275e-04       7.630103529111e+02 
       1.920614667808e-04       8.285605352133e+02 
       2.086239768934e-04       8.961566988060e+02 
       2.258291127963e-04       9.660584086271e+02 
       2.437492899608e-04       1.038543875313e+03 
       2.624635269201e-04       1.113912487624e+03 
       2.820581711641e-04       1.192487330289e+03 
       3.026276520758e-04       1.274617623015e+03 
       3.242752438250e-04       1.360681046658e+03 
       3.471138123205e-04       1.451085827138e+03 
       3.712665089755e-04       1.546272411777e+03 
       3.968673599041e-04       1.646714557269e+03 
       4.240616822609e-04       1.752919527933e+03 
       4.530062402672e-04       1.865427100957e+03 
       4.838690333622e-04       1.984806913015e+03 
       5.168285903535e-04       2.111653782390e+03 
       5.520726304511e-04       2.246580458462e+03 
       5.897959503855e-04       2.390207378650e+03 
       6.301974137077e-04       2.543149077701e+03 
       6.734759616794e-04       2.705997164179e+03 
       7.198256413193e-04       2.879299971752e+03 
       7.694297571003e-04       3.063539601774e+03 
       8.224543922027e-04       3.259107520295e+03 
       8.790416955600e-04       3.466280321481e+03 
       9.393034630726e-04       3.685197896541e+03 
       1.003315619058e-03       3.915846251526e+03 
       1.071114193803e-03       4.158047149778e+03 
       1.142693277177e-03       4.411456136947e+03 
       1.218005215471e-03       4.675569660917e+03 
       1.296963046429e-03       4.949740931401e+03 
       1.379444893270e-03       5.233202694598e+03 
       1.465299821025e-03       5.525094926617e+03 
       1.554354538901e-03       5.824494552483e+03 
       1.646420322682e-03       6.130444610153e+03 
       1.741299614676e-03       6.441980481672e+03 
       1.838791900592e-03       6.758152784759e+03 
       1.938698623803e-03       7.078045289936e+03 
       2.040827045707e-03       7.400788230465e+03 
       2.144993077088e-03       7.725567965268e+03 
       2.251023182815e-03       8.051631812011e+03 
       2.358755503626e-03       8.378291199880e+03 
       2.468040351811e-03       8.704921242245e+03 
       2.578740231260e-03       9.030956879246e+03 
       2.690729515007e-03       9.355894199559e+03 
       2.803893891071e-03       9.679282411196e+03 
       2.918129664539e-03       1.000072264970e+04 
       3.033342982805e-03       1.031986148292e+04 
       3.149449032877e-03       1.063638742975e+04 
       3.266371245033e-03       1.095002833009e+04 
       3.384040525711e-03       1.126054483219e+04 
       3.502394533865e-03       1.156772725609e+04 
       3.621377008742e-03       1.187139386180e+04 
       3.740937152551e-03       1.217138824696e+04 
       3.861029068429e-03       1.246757422653e+04 
       3.981611252096e-03       1.275983541800e+04 
       4.102646134344e-03       1.304807148269e+04 
       4.224099670807e-03       1.333219803761e+04 
       4.345940975116e-03       1.361214286906e+04 
       4.468141991504e-03       1.388784846119e+04 
       4.590677202998e-03       1.415925645392e+04 
       4.713523371539e-03       1.442635369674e+04 
       4.836659306637e-03       1.468908078571e+04 
       4.960065659440e-03       1.494742932177e+04 
       5.083724739390e-03       1.520138460601e+04 
       5.207620350920e-03       1.545093625202e+04 
       5.331737647914e-03       1.569607877269e+04 
       5.456063003901e-03       1.593681082612e+04 
       5.580583896182e-03       1.617314243029e+04 
       5.705288802298e-03       1.640507635439e+04 
       5.830167107422e-03       1.663263188234e+04 
       5.955209021442e-03       1.685582301133e+04 
       6.080405504627e-03       1.707466963281e+04 
       6.205748200911e-03       1.728919000413e+04 
       6.331229377951e-03       1.749940842733e+04 
       6.456841873192e-03       1.770534463207e+04 
       6.582579045290e-03       1.790703947915e+04 
       6.708434730295e-03       1.810450083699e+04 
       6.834403202094e-03       1.829777684611e+04 
       6.960479136640e-03       1.848688752089e+04 
       7.086657579574e-03       1.867187757127e+04 
       7.212933916888e-03       1.885276180050e+04 
       7.339303848293e-03       1.902958526414e+04 
       7.465763363040e-03       1.920238204778e+04 
       7.592308717916e-03       1.937119289896e+04 
       7.718936417220e-03       1.953605135590e+04 
       7.845643194504e-03       1.969698956149e+04 
       7.972425995908e-03       1.985405526527e+04 
       8.099281964947e-03       2.000727579303e+04 
       8.226208428586e-03       2.015669821148e+04 
       8.353202884500e-03       2.030235992127e+04 
       8.480262989399e-03       2.044429550291e+04 
       8.607386548315e-03       2.058254356657e+04 
       8.734571504770e-03       2.071715569405e+04 
       8.861815931739e-03       2.084815994773e+04 
       8.989118023339e-03       2.097559575434e+04 
       9.116476087172e-03       2.109950644575e+04 
       9.243888537278e-03       2.121993309695e+04 
       9.371353887630e-03       2.133691680470e+04 
       9.498870746135e-03       2.145049211697e+04 
       9.626437809089e-03       2.156069745386e+04 
       9.754053856055e-03       2.166758169063e+04 
       9.881717745128e-03       2.177119028003e+04 
       1.000942840854e-02       2.187154268659e+04 
       1.013718484862e-02       2.196868923221e+04 
       1.026498613399e-02       2.206267327331e+04 
       1.039283139612e-02       2.215352976954e+04 
       1.052071982608e-02       2.224129816454e+04 
       1.064865067150e-02       2.232602497073e+04 
       1.077662323383e-02       2.240773939946e+04 
       1.090463686571e-02       2.248648922613e+04 
       1.103269096858e-02       2.256229923241e+04 
       1.116078499046e-02       2.263522216366e+04 
       1.128891842380e-02       2.270529604998e+04 
       1.141709080364e-02       2.277254292056e+04 
       1.154530170572e-02       2.283702332998e+04 
       1.167355074488e-02       2.289875721737e+04 
       1.180183757345e-02       2.295779308203e+04 
       1.193016187980e-02       2.301416053324e+04 
       1.205852338705e-02       2.306789119604e+04 
       1.218692185174e-02       2.311903944530e+04 
       1.231535706272e-02       2.316762311622e+04 
       1.244382884004e-02       2.321370179624e+04 
       1.257233703396e-02       2.325728161373e+04 
       1.270088152401e-02       2.329842971942e+04 
       1.282946221810e-02       2.333716153547e+04 
       1.295807905178e-02       2.337350967358e+04 
       1.308673198742e-02       2.340752430928e+04 
       1.321542101359e-02       2.343923244765e+04 
       1.334414614438e-02       2.346865723455e+04 
       1.347290741885e-02       2.349585229317e+04 
       1.360170490045e-02       2.352083066221e+04 
       1.373053867659e-02       2.354365367689e+04 
       1.385940885813e-02       2.356432543871e+04 
       1.398831557901e-02       2.358289532719e+04 
       1.411725899584e-02       2.359938607958e+04 
       1.424623928760e-02       2.361383789099e+04 
       1.437525665533e-02       2.362628230443e+04 
       1.450431132182e-02       2.363674207111e+04 
       1.463340353142e-02       2.364525808367e+04 
       1.476253354982e-02       2.365185319513e+04 
       1.489170166384e-02       2.365657257185e+04 
       1.502090818131e-02       2.365943670196e+04 
       1.515015343092e-02       2.366047979938e+04 
       1.527943776212e-02       2.365973161976e+04 
       1.540876154504e-02       2.365721835325e+04 
       1.553812517046e-02       2.365296648324e+04 
       1.566752904973e-02       2.364702392217e+04 
       1.579697361479e-02       2.363939622715e+04 
       1.592645931818e-02       2.363011136383e+04 
       1.605598663305e-02       2.361921561277e+04 
       1.618555605322e-02       2.360670585984e+04 
       1.631516809325e-02       2.359264829308e+04 
       1.644482328855e-02       2.357704317448e+04 
       1.657452219543e-02       2.355993742297e+04 
       1.670426539129e-02       2.354133342396e+04 
       1.683405347470e-02       2.352126899897e+04 
       1.696388706564e-02       2.349978316863e+04 
       1.709376680557e-02       2.347688326247e+04 
       1.722369335775e-02       2.345260805282e+04 
       1.735366740733e-02       2.342695777348e+04 
       1.748368966168e-02       2.340000934448e+04 
       1.761376085058e-02       2.337172575324e+04 
       1.774388172648e-02       2.334217330112e+04 
       1.787405306480e-02       2.331135170656e+04 
       1.800427566425e-02       2.327931347468e+04 
       1.813455034707e-02       2.324605838143e+04 
       1.826487795941e-02       2.321159775674e+04 
       1.839525937170e-02       2.317598943880e+04 
       1.852569547893e-02       2.313922529575e+04 
       1.865618720111e-02       2.310135868826e+04 
       1.878673548362e-02       2.306238979971e+04 
       1.891734129765e-02       2.302235309691e+04 
       1.904800564060e-02       2.298125151194e+04 
       1.917872953656e-02       2.293913478809e+04 
       1.930951403675e-02       2.289598662236e+04 
       1.944036022004e-02       2.285185120261e+04 
       1.957126919339e-02       2.280672821949e+04 
       1.970224209245e-02       2.276068997794e+04 
       1.983328008202e-02       2.271370237581e+04 
       1.996438435668e-02       2.266582989961e+04 
       2.009555614131e-02       2.261704066362e+04 
       2.022679669172e-02       2.256739785408e+04 
       2.035810729529e-02       2.251688293218e+04 
       2.048948927155e-02       2.246553879005e+04 
       2.062094397288e-02       2.241340051703e+04 
       2.075247278519e-02       2.236046748111e+04 
       2.088407712863e-02       2.230675923689e+04 
       2.101575845831e-02       2.225227586830e+04 
       2.114751826504e-02       2.219706810359e+04 
       2.127935807611e-02       2.214112483992e+04 
       2.141127945613e-02       2.208449019849e+04 
       2.154328400780e-02       2.202709843398e+04 
       2.167537337279e-02       2.196917021754e+04 
       2.180754923261e-02       2.191050424494e+04 
       2.193981330953e-02       2.185122564130e+04 
       2.207216736751e-02       2.179131212486e+04 
       2.220461321313e-02       2.173080052837e+04 
       2.233715269666e-02       2.166965852052e+04 
       2.246978771299e-02       2.160797675212e+04 
       2.260252020279e-02       2.154572575993e+04 
       2.273535215350e-02       2.148292864732e+04 
       2.286828560053e-02       2.141963990575e+04 
       2.300132262838e-02       2.135582369091e+04 
       2.313446537186e-02       2.129147644977e+04 
       2.326771601730e-02       2.122666212141e+04 
       2.340107680384e-02       2.116136104186e+04 
       2.353455002474e-02       2.109563399085e+04 
       2.366813802873e-02       2.102945654990e+04 
       2.380184322141e-02       2.096281490472e+04 
       2.393566806670e-02       2.089578136465e+04 
       2.406961508831e-02       2.082834076365e+04 
       2.420368687129e-02       2.076052634200e+04 
       2.433788606360e-02       2.069232729922e+04 
       2.447221537779e-02       2.062378152172e+04 
       2.460667759263e-02       2.055482928874e+04 
       2.474127555489e-02       2.048558993465e+04 
       2.487601218114e-02       2.041599317380e+04 
       2.501089045959e-02       2.034608913253e+04 
       2.514591345205e-02       2.027583381221e+04 
       2.528108429588e-02       2.020536275174e+04 
       2.541640620607e-02       2.013456108003e+04 
       2.555188247734e-02       2.006352022219e+04 
       2.568751648636e-02       1.999221120323e+04 
       2.582331169398e-02       1.992062923089e+04 
       2.595927164762e-02       1.984884709204e+04 
       2.609539998367e-02       1.977681371132e+04 
       2.623170042999e-02       1.970451063686e+04 
       2.636817680855e-02       1.963210396204e+04 
       2.650483303808e-02       1.955940772164e+04 
       2.664167313685e-02       1.948656346373e+04 
       2.677870122559e-02       1.941351664913e+04 
       2.691592153044e-02       1.934031538841e+04 
       2.705333838606e-02       1.926696286141e+04 
       2.719095623882e-02       1.919344109944e+04 
       2.732877965014e-02       1.911974163749e+04 
       2.746681329992e-02       1.904599171203e+04 
       2.760506199009e-02       1.897204229845e+04 
       2.774353064836e-02       1.889800674940e+04 
       2.788222433201e-02       1.882386720542e+04 
       2.802114823192e-02       1.874961591689e+04 
       2.816030767666e-02       1.867524838850e+04 
       2.829970813683e-02       1.860081295457e+04 
       2.843935522949e-02       1.852630004935e+04 
       2.857925472282e-02       1.845170615107e+04 
       2.871941254090e-02       1.837704381121e+04 
       2.885983476876e-02       1.830233958628e+04 
       2.900052765755e-02       1.822758406420e+04 
       2.914149762997e-02       1.815278579762e+04 
       2.928275128589e-02       1.807793110022e+04 
       2.942429540822e-02       1.800298553562e+04 
       2.956613696904e-02       1.792808943077e+04 
       2.970828313589e-02       1.785314882168e+04 
       2.985074127846e-02       1.777821966899e+04 
       2.999351897543e-02       1.770326525983e+04 
       3.013662402172e-02       1.762827124977e+04 
       3.028006443593e-02       1.755330848106e+04 
       3.042384846821e-02       1.747834069323e+04 
       3.056798460842e-02       1.740340894789e+04 
       3.071248159462e-02       1.732849316039e+04 
       3.085734842201e-02       1.725353109808e+04 
       3.100259435221e-02       1.717868254006e+04 
       3.114822892300e-02       1.710381981131e+04 
       3.129426195843e-02       1.702898694848e+04 
       3.144070357953e-02       1.695421699707e+04 
       3.158756421536e-02       1.687944045672e+04 
       3.173485461470e-02       1.680473585587e+04 
       3.188258585820e-02       1.673006199003e+04 
       3.203076937122e-02       1.665550482719e+04 
       3.217941693716e-02       1.658096404983e+04 
       3.232854071151e-02       1.650647941983e+04 
       3.247815323664e-02       1.643203532344e+04 
       3.262826745717e-02       1.635768104996e+04 
       3.277889673629e-02       1.628337132865e+04 
       3.293005487279e-02       1.620911290323e+04 
       3.308175611895e-02       1.613498223559e+04 
       3.323401519946e-02       1.606086419517e+04 
       3.338684733124e-02       1.598687755531e+04 
       3.354026824428e-02       1.591293114673e+04 
       3.369429420370e-02       1.583905603292e+04 
       3.384894203292e-02       1.576529779704e+04 
       3.400422913806e-02       1.569159237849e+04 
       3.416017353376e-02       1.561798563867e+04 
       3.431679387042e-02       1.554445230217e+04 
       3.447410946291e-02       1.547100632875e+04 
       3.463214032098e-02       1.539765397919e+04 
       3.479090718137e-02       1.532438709641e+04 
       3.495043154185e-02       1.525122053378e+04 
       3.511073569716e-02       1.517810238030e+04 
       3.527184277721e-02       1.510507085869e+04 
       3.543377678748e-02       1.503213324765e+04 
       3.559656265190e-02       1.495930697451e+04 
       3.576022625845e-02       1.488655813029e+04 
       3.592479450748e-02       1.481389150097e+04 
       3.609029536320e-02       1.474129764864e+04 
       3.625675790835e-02       1.466877234868e+04 
       3.642421240251e-02       1.459634260314e+04 
       3.659269034419e-02       1.452400318985e+04 
       3.676222453700e-02       1.445173404362e+04 
       3.693284916036e-02       1.437957079492e+04 
       3.710459984493e-02       1.430741548939e+04 
       3.727751375336e-02       1.423540651150e+04 
       3.745162966655e-02       1.416338892919e+04 
       3.762698807621e-02       1.409148086641e+04 
       3.780363128387e-02       1.401964211410e+04 
       3.798160350728e-02       1.394788333670e+04 
       3.816095099461e-02       1.387613421180e+04 
       3.834172214722e-02       1.380447241528e+04 
       3.852396765174e-02       1.373281095221e+04 
       3.870774062246e-02       1.366122646829e+04 
       3.889309675475e-02       1.358968346891e+04 
       3.908009449079e-02       1.351819467195e+04 
       3.926879519862e-02       1.344668789433e+04 
       3.945926336594e-02       1.337524767673e+04 
       3.965156681007e-02       1.330378216771e+04 
       3.984577690560e-02       1.323238951067e+04 
       4.004196883176e-02       1.316095995769e+04 
       4.024022184136e-02       1.308951855770e+04 
       4.044061955366e-02       1.301809519873e+04 
       4.064325027381e-02       1.294665368406e+04 
       4.084820734158e-02       1.287514516284e+04 
       4.105558951286e-02       1.280363236530e+04 
       4.126550137749e-02       1.273205648087e+04 
       4.147805381763e-02       1.266045730177e+04 
       4.169336451150e-02       1.258877066801e+04 
       4.191155848781e-02       1.251699522792e+04 
       4.213276873707e-02       1.244515113790e+04 
       4.235713688697e-02       1.237318943340e+04 
       4.258481394966e-02       1.230111741146e+04 
       4.281596115050e-02       1.222890754457e+04 
       4.305075084874e-02       1.215654698967e+04 
       4.328936756262e-02       1.208403992458e+04 
       4.353200911309e-02       1.201131846347e+04 
       4.377888790284e-02       1.193841724810e+04 
       4.403023234979e-02       1.186531819932e+04 
       4.428628849780e-02       1.179193211972e+04 
       4.454732183077e-02       1.171830072532e+04 
       4.481361932132e-02       1.164438511719e+04 
       4.508549175064e-02       1.157012971352e+04 
       4.536327634260e-02       1.149555392192e+04 
       4.564733976364e-02       1.142057865498e+04 
       4.593808154955e-02       1.134519003361e+04 
       4.623593803226e-02       1.126934519177e+04 
       4.654138685452e-02       1.119305371865e+04 
       4.685495217815e-02       1.111619796273e+04 
       4.717721071406e-02       1.103874500940e+04 
       4.750879872946e-02       1.096070679131e+04 
       4.785042022218e-02       1.088194397519e+04 
       4.820285649468e-02       1.080239535187e+04 
       4.856697741405e-02       1.072206471669e+04 
       4.894375471209e-02       1.064080508237e+04 
       4.933427776471e-02       1.055857153242e+04 
       4.973977239865e-02       1.047523878419e+04 
       5.016162341123e-02       1.039071525236e+04 
       5.060140166449e-02       1.030484467438e+04 
       5.106089683913e-02       1.021753043258e+04 
       5.154215721872e-02       1.012856775520e+04 
       5.204753823639e-02       1.003779342696e+04 
       5.257976197059e-02       9.944946431316e+03 
       5.314199034005e-02       9.849816508463e+03 
       5.373791542608e-02       9.752056866152e+03 
       5.437187112827e-02       9.651335828938e+03 
       5.504897116612e-02       9.547180352442e+03 
       5.577527908755e-02       9.439082002427e+03 
       5.655801600950e-02       9.326346862510e+03 
       5.740581040373e-02       9.208220035839e+03 
       5.832898957742e-02       9.083613764811e+03 
       5.933990124552e-02       8.951305686078e+03 
       6.045322987547e-02       8.809589245727e+03 
       6.168622706597e-02       8.656443448224e+03 
       6.305869663050e-02       8.489213985171e+03 
       6.459245803418e-02       8.304692174912e+03 
       6.630988393562e-02       8.099057116674e+03 
       6.823108336988e-02       7.868138524412e+03 
       7.036963059809e-02       7.608061608880e+03 
       7.272768050538e-02       7.316386822709e+03 
       7.529261181431e-02       6.993541099283e+03 
       7.803770259898e-02       6.643994367302e+03 
       8.092742631676e-02       6.276405990857e+03 
       8.392487015944e-02       5.902485213637e+03 
       8.699768768953e-02       5.535033333476e+03 
       9.012080011488e-02       5.185909570367e+03 
       9.327636407004e-02       4.864566818233e+03 
       9.645240037996e-02       4.577266435876e+03 
       9.964116623938e-02       4.326939037999e+03 
       1.028377764685e-01       4.113468091880e+03 
       1.060391949922e-01       3.934241563410e+03 
       1.092435523549e-01       3.784789572042e+03 
       1.124497038937e-01       3.659423914231e+03 
       1.156569510546e-01       3.551847606776e+03 
       1.188648683169e-01       3.455728352677e+03 
       1.220731966990e-01       3.365216463836e+03 
       1.252817785994e-01       3.275402300841e+03 
       1.284905180615e-01       3.182655998901e+03 
       1.316993565923e-01       3.084833228199e+03 
       1.349082584632e-01       2.981299253970e+03 
       1.381172017809e-01       2.872775259297e+03 
       1.413261730655e-01       2.761040043157e+03 
       1.445351639579e-01       2.648554566723e+03 
       1.477441692210e-01       2.538059553476e+03 
       1.509531855249e-01       2.432199832389e+03 
       1.541622107091e-01       2.333234731666e+03 
       1.573712433333e-01       2.242837620833e+03 
       1.605802824044e-01       2.161979915465e+03 
       1.637893272093e-01       2.090927910540e+03 
       1.669983772132e-01       2.029287204937e+03 
       1.702074319971e-01       1.976117124335e+03 
       1.734164912185e-01       1.930066965793e+03 
       1.766255545883e-01       1.889529218151e+03 
       1.798346218547e-01       1.852805614579e+03 
       1.830436927943e-01       1.818343009029e+03 
       1.862527672055e-01       1.784800275984e+03 
       1.894618449041e-01       1.750682636948e+03 
       1.926709257208e-01       1.715174293221e+03 
       1.958800094987e-01       1.677883299413e+03 
       1.990890960922e-01       1.638818446315e+03 
       2.022981853654e-01       1.598331659245e+03 
       2.055072771912e-01       1.557027423487e+03 
       2.087163714507e-01       1.515656293964e+03 
       2.119254680323e-01       1.475004940233e+03 
       2.151345668313e-01       1.435820129270e+03 
       2.183436677489e-01       1.398722156461e+03 
       2.215527706926e-01       1.364167016082e+03 
       2.247618755749e-01       1.332416081704e+03 
       2.279709823133e-01       1.303548439559e+03 
       2.311800908299e-01       1.277460617772e+03 
       2.343892010513e-01       1.253904376168e+03 
       2.375983129080e-01       1.232514872678e+03 
       2.408074263339e-01       1.212854931755e+03 
       2.440165412670e-01       1.194453296569e+03 
       2.472256576481e-01       1.176846549030e+03 
       2.504347754211e-01       1.159614361644e+03 
       2.536438945330e-01       1.142414315273e+03 
       2.568530149332e-01       1.124995409576e+03 
       2.600621365737e-01       1.107226386641e+03 
       2.632712594089e-01       1.089073185906e+03 
       2.664803833954e-01       1.070605255220e+03 
       2.696895084919e-01       1.051968550456e+03 
       2.728986346589e-01       1.033362750390e+03 
       2.761077618589e-01       1.015010520448e+03 
       2.793168900562e-01       9.971329386469e+02 
       2.825260192165e-01       9.799233609857e+02 
       2.857351493071e-01       9.635320527598e+02 
       2.889442802971e-01       9.480554986701e+02 
       2.921534121564e-01       9.335333956883e+02 
       2.953625448567e-01       9.199456153161e+02 
       2.985716783707e-01       9.072289553132e+02 
       3.017808126723e-01       8.952777031735e+02 
       3.049899477365e-01       8.839648756172e+02 
       3.081990835393e-01       8.731499013539e+02 
       3.114082200579e-01       8.626953415773e+02 
       3.146173572701e-01       8.524759702135e+02 
       3.178264951549e-01       8.423866353489e+02 
       3.210356336920e-01       8.323502076962e+02 
       3.242447728620e-01       8.223194024513e+02 
       3.274539126460e-01       8.122758338452e+02 
       3.306630530263e-01       8.022309179379e+02 
       3.338721939855e-01       7.922160479427e+02 
       3.370813355069e-01       7.822798652693e+02 
       3.402904775747e-01       7.724788570638e+02 
       3.434996201734e-01       7.628720907256e+02 
       3.467087632882e-01       7.535144315844e+02 
       3.499179069048e-01       7.444500392584e+02 
       3.531270510096e-01       7.357099708985e+02 
       3.563361955892e-01       7.273113304052e+02 
       3.595453406309e-01       7.192539711421e+02 
       3.627544861224e-01       7.115236331919e+02 
       3.659636320517e-01       7.040921580820e+02 
       3.691727784075e-01       6.969278408195e+02 
       3.723819251786e-01       6.899876881489e+02 
       3.755910723544e-01       6.832320903762e+02 
       3.788002199245e-01       6.766222612947e+02 
       3.820093678789e-01       6.701252574404e+02 
       3.852185162080e-01       6.637155451860e+02 
       3.884276649026e-01       6.573742484412e+02 
       3.916368139534e-01       6.510937947998e+02 
       3.948459633519e-01       6.448725898177e+02 
       3.980551130896e-01       6.387157617117e+02 
       4.012642631583e-01       6.326332029477e+02 
       4.044734135502e-01       6.266375978606e+02 
       4.076825642575e-01       6.207422729129e+02 
       4.108917152728e-01       6.149602882550e+02 
       4.141008665889e-01       6.093023498537e+02 
       4.173100181989e-01       6.037762985652e+02 
       4.205191700961e-01       5.983867418076e+02 
       4.237283222738e-01       5.931347527761e+02 
       4.269374747257e-01       5.880174816392e+02 
       4.301466274457e-01       5.830308675632e+02 
       4.333557804278e-01       5.781665786280e+02 
       4.365649336662e-01       5.734150804102e+02 
       4.397740871552e-01       5.687661059829e+02 
       4.429832408894e-01       5.642091671110e+02 
       4.461923948635e-01       5.597337057393e+02 
       4.494015490723e-01       5.553307867705e+02 
       4.526107035108e-01       5.509925460195e+02 
       4.558198581741e-01       5.467130654176e+02 
       4.590290130576e-01       5.424881835427e+02 
       4.622381681566e-01       5.383159824540e+02 
       4.654473234665e-01       5.341964050199e+02 
       4.686564789832e-01       5.301304947197e+02 
       4.718656347024e-01       5.261205910163e+02 
       4.750747906198e-01       5.221707062879e+02 
       4.782839467316e-01       5.182829612607e+02 
       4.814931030339e-01       5.144611443877e+02 
       4.847022595228e-01       5.107068551265e+02 
       4.879114161946e-01       5.070218075478e+02 
       4.911205730457e-01       5.034059159070e+02 
       4.943297300727e-01       4.998580222723e+02 
       4.975388872722e-01       4.963757544943e+02 
       5.007480446407e-01       4.929559122471e+02 
       5.039572021751e-01       4.895953951032e+02 
       5.071663598722e-01       4.862893858044e+02 
       5.103755177289e-01       4.830341197890e+02 
       5.135846757422e-01       4.798257815680e+02 
       5.167938339093e-01       4.766611862641e+02 
       5.200029922272e-01       4.735378466453e+02 
       5.232121506931e-01       4.704538861671e+02 
       5.264213093044e-01       4.674083077555e+02 
       5.296304680583e-01       4.644005962535e+02 
       5.328396269524e-01       4.614309237855e+02 
       5.360487859840e-01       4.584993150109e+02 
       5.392579451508e-01       4.556063481286e+02 
       5.424671044503e-01       4.527524501758e+02 
       5.456762638801e-01       4.499379173012e+02 
       5.488854234381e-01       4.471629166353e+02 
       5.520945831218e-01       4.444271957381e+02 
       5.553037429292e-01       4.417303696225e+02 
       5.585129028581e-01       4.390718070157e+02 
       5.617220629064e-01       4.364505749325e+02 
       5.649312230721e-01       4.338656652346e+02 
       5.681403833532e-01       4.313158735955e+02 
       5.713495437477e-01       4.288000837773e+02 
       5.745587042537e-01       4.263170319818e+02 
       5.777678648694e-01       4.238654497851e+02 
       5.809770255930e-01       4.214443293917e+02 
       5.841861864226e-01       4.190524875240e+02 
       5.873953473565e-01       4.166890681286e+02 
       5.906045083930e-01       4.143532350389e+02 
       5.938136695305e-01       4.120443863520e+02 
       5.970228307672e-01       4.097618853666e+02 
       6.002319921017e-01       4.075055286535e+02 
       6.034411535324e-01       4.052748735183e+02 
       6.066503150576e-01       4.030697217362e+02 
       6.098594766760e-01       4.008899591414e+02 
       6.130686383860e-01       3.987354133520e+02 
       6.162778001863e-01       3.966059056363e+02 
       6.194869620754e-01       3.945011936925e+02 
       6.226961240519e-01       3.924209743161e+02 
       6.259052861145e-01       3.903649127936e+02 
       6.291144482618e-01       3.883325230884e+02 
       6.323236104927e-01       3.863232927223e+02 
       6.355327728057e-01       3.843367252908e+02 
       6.387419351997e-01       3.823721866123e+02 
       6.419510976735e-01       3.804291591544e+02 
       6.451602602258e-01       3.785070560313e+02 
       6.483694228555e-01       3.766053978679e+02 
       6.515785855615e-01       3.747236830400e+02 
       6.547877483425e-01       3.728614826587e+02 
       6.579969111976e-01       3.710184194605e+02 
       6.612060741256e-01       3.691941832100e+02 
       6.644152371255e-01       3.673884664622e+02 
       6.676244001962e-01       3.656009228553e+02 
       6.708335633367e-01       3.638313772749e+02 
       6.740427265461e-01       3.620795594815e+02 
       6.772518898233e-01       3.603452392690e+02 
       6.804610531673e-01       3.586282543757e+02 
       6.836702165773e-01       3.569283046462e+02 
       6.868793800523e-01       3.552451746613e+02 
       6.900885435914e-01       3.535786484237e+02 
       6.932977071937e-01       3.519284770657e+02 
       6.965068708583e-01       3.502943760491e+02 
       6.997160345844e-01       3.486760868118e+02 
       7.029251983711e-01       3.470733304802e+02 
       7.061343622176e-01       3.454858216427e+02 
       7.093435261231e-01       3.439132909225e+02 
       7.125526900868e-01       3.423554564353e+02 
       7.157618541079e-01       3.408120425821e+02 
       7.189710181856e-01       3.392827909025e+02 
       7.221801823191e-01       3.377674520458e+02 
       7.253893465078e-01       3.362658348128e+02 
       7.285985107509e-01       3.347777027784e+02 
       7.318076750477e-01       3.333028305186e+02 
       7.350168393975e-01       3.318410851279e+02 
       7.382260037995e-01       3.303922351114e+02 
       7.414351682532e-01       3.289561515437e+02 
       7.446443327578e-01       3.275326332212e+02 
       7.478534973126e-01       3.261215227414e+02 
       7.510626619171e-01       3.247226624464e+02 
       7.542718265706e-01       3.233358529898e+02 
       7.574809912725e-01       3.219609120143e+02 
       7.606901560221e-01       3.205977207216e+02 
       8.334103993033e-01       2.925070551272e+02 
       9.399467729227e-01       2.589783949237e+02 
       1.110690271313e+00       2.178532526461e+02 
       1.376748805336e+00       1.724094660048e+02 
       1.383125864454e+00       1.715124538406e+02 
       1.731788734343e+00       1.315778476844e+02 
       2.180172653316e+00       9.766426707060e+01 
       2.744674702526e+00       7.027929047304e+01 
       3.455340730101e+00       4.895974298249e+01 
       4.350016251532e+00       3.306813205207e+01 
       5.476346000771e+00       2.172578767132e+01 
       6.894311144148e+00       1.394034775788e+01 
       8.679423496183e+00       8.771571996545e+00 
       1.092674679907e+01       5.433087378885e+00 
       1.375595921359e+01       3.323834491801e+00 
       1.731772661759e+01       2.014080790536e+00 
       2.180172611339e+01       1.211564399054e+00 
       2.744674702512e+01       7.248123015002e-01 
       3.455340730101e+01       4.318314209820e-01 
