# Matter power spectrum P(k) at redshift z=0
# for k=1.05647e-05 to 34.5534 h/Mpc,
# number of wavenumbers equal to 621
#    1:k (h/Mpc)              2:P (Mpc/h)^3        
       1.056473425813e-05       5.275098567076e+01 
       2.342702558486e-05       1.123977564346e+02 
       3.633476487763e-05       1.705321615199e+02 
       4.932258173529e-05       2.279658882873e+02 
       6.242567992675e-05       2.851330308482e+02 
       7.568015038812e-05       3.423417017842e+02 
       8.912329424072e-05       3.998441803742e+02 
       1.027939601131e-04       4.578652049797e+02 
       1.167329000834e-04       5.166161700917e+02 
       1.309831485914e-04       5.763034204740e+02 
       1.455904286757e-04       6.371337765222e+02 
       1.606035898343e-04       6.993186201052e+02 
       1.760750816275e-04       7.630772349930e+02 
       1.920614667808e-04       8.286397173828e+02 
       2.086239768934e-04       8.962496811492e+02 
       2.258291127963e-04       9.661668591017e+02 
       2.437492899608e-04       1.038669656977e+03 
       2.624635269201e-04       1.114057690160e+03 
       2.820581711641e-04       1.192654306560e+03 
       3.026276520758e-04       1.274809031502e+03 
       3.242752438250e-04       1.360899900726e+03 
       3.471138123205e-04       1.451335552178e+03 
       3.712665089755e-04       1.546556911345e+03 
       3.968673599041e-04       1.647038289410e+03 
       4.240616822609e-04       1.753287592839e+03 
       4.530062402672e-04       1.865845341052e+03 
       4.838690333622e-04       1.985282026266e+03 
       5.168285903535e-04       2.112193449301e+03 
       5.520726304511e-04       2.247193482515e+03 
       5.897959503855e-04       2.390903839069e+03 
       6.301974137077e-04       2.543940492163e+03 
       6.734759616794e-04       2.706896657635e+03 
       7.198256413193e-04       2.880322445748e+03 
       7.694297571003e-04       3.064701896939e+03 
       8.224543922027e-04       3.260428563082e+03 
       8.790416955600e-04       3.467781245204e+03 
       9.393034630726e-04       3.686902126635e+03 
       1.003315619058e-03       3.917779545949e+03 
       1.071114193803e-03       4.160237587785e+03 
       1.142693277177e-03       4.413934052883e+03 
       1.218005215471e-03       4.678367523829e+03 
       1.296963046429e-03       4.952893175581e+03 
       1.379444893270e-03       5.236745509598e+03 
       1.465299821025e-03       5.529066017932e+03 
       1.554354538901e-03       5.828932885014e+03 
       1.646420322682e-03       6.135390146134e+03 
       1.741299614676e-03       6.447473922984e+03 
       1.838791900592e-03       6.764235328225e+03 
       1.938698623803e-03       7.084758401060e+03 
       2.040827045707e-03       7.408173439182e+03 
       2.144993077088e-03       7.733666686050e+03 
       2.251023182815e-03       8.060485187362e+03 
       2.358755503626e-03       8.387939967788e+03 
       2.468040351811e-03       8.715405624644e+03 
       2.578740231260e-03       9.042316487047e+03 
       2.690729515007e-03       9.368167960220e+03 
       2.803893891071e-03       9.692508505612e+03 
       2.918129664539e-03       1.001493846580e+04 
       3.033342982805e-03       1.033510357696e+04 
       3.149449032877e-03       1.065269149781e+04 
       3.266371245033e-03       1.096742918949e+04 
       3.384040525711e-03       1.127907640520e+04 
       3.502394533865e-03       1.158742255915e+04 
       3.621377008742e-03       1.189228500180e+04 
       3.740937152551e-03       1.219350642204e+04 
       3.861029068429e-03       1.249094972516e+04 
       3.981611252096e-03       1.278449762423e+04 
       4.102646134344e-03       1.307404887998e+04 
       4.224099670807e-03       1.335951821798e+04 
       4.345940975116e-03       1.364083253896e+04 
       4.468141991504e-03       1.391793345742e+04 
       4.590677202998e-03       1.419076172699e+04 
       4.713523371539e-03       1.445930340788e+04 
       4.836659306637e-03       1.472349818661e+04 
       4.960065659440e-03       1.498333687232e+04 
       5.083724739390e-03       1.523880395582e+04 
       5.207620350920e-03       1.548988824882e+04 
       5.331737647914e-03       1.573658347373e+04 
       5.456063003901e-03       1.597888750895e+04 
       5.580583896182e-03       1.621680962603e+04 
       5.705288802298e-03       1.645035182867e+04 
       5.830167107422e-03       1.667953268687e+04 
       5.955209021442e-03       1.690436547225e+04 
       6.080405504627e-03       1.712486937314e+04 
       6.205748200911e-03       1.734106194327e+04 
       6.331229377951e-03       1.755296680567e+04 
       6.456841873192e-03       1.776060300109e+04 
       6.582579045290e-03       1.796401077988e+04 
       6.708434730295e-03       1.816319729217e+04 
       6.834403202094e-03       1.835821010777e+04 
       6.960479136640e-03       1.854906857768e+04 
       7.086657579574e-03       1.873581684596e+04 
       7.212933916888e-03       1.891846904505e+04 
       7.339303848293e-03       1.909706968085e+04 
       7.465763363040e-03       1.927165225586e+04 
       7.592308717916e-03       1.944225696900e+04 
       7.718936417220e-03       1.960891678902e+04 
       7.845643194504e-03       1.977166329021e+04 
       7.972425995908e-03       1.993054372720e+04 
       8.099281964947e-03       2.008558485204e+04 
       8.226208428586e-03       2.023683325050e+04 
       8.353202884500e-03       2.038432580884e+04 
       8.480262989399e-03       2.052809658767e+04 
       8.607386548315e-03       2.066818370265e+04 
       8.734571504770e-03       2.080463831059e+04 
       8.861815931739e-03       2.093748794647e+04 
       8.989118023339e-03       2.106677156980e+04 
       9.116476087172e-03       2.119253207250e+04 
       9.243888537278e-03       2.131481008695e+04 
       9.371353887630e-03       2.143364627554e+04 
       9.498870746135e-03       2.154907472556e+04 
       9.626437809089e-03       2.166113342300e+04 
       9.754053856055e-03       2.176987087264e+04 
       9.881717745128e-03       2.187533214841e+04 
       1.000942840854e-02       2.197753620072e+04 
       1.013718484862e-02       2.207653301254e+04 
       1.026498613399e-02       2.217236557233e+04 
       1.039283139612e-02       2.226506843165e+04 
       1.052071982608e-02       2.235468065835e+04 
       1.064865067150e-02       2.244124843871e+04 
       1.077662323383e-02       2.252480056274e+04 
       1.090463686571e-02       2.260538450261e+04 
       1.103269096858e-02       2.268302460362e+04 
       1.116078499046e-02       2.275777335399e+04 
       1.128891842380e-02       2.282966844437e+04 
       1.141709080364e-02       2.289873146763e+04 
       1.154530170572e-02       2.296502279708e+04 
       1.167355074488e-02       2.302856193467e+04 
       1.180183757345e-02       2.308939713631e+04 
       1.193016187980e-02       2.314755764946e+04 
       1.205852338705e-02       2.320307475557e+04 
       1.218692185174e-02       2.325600265081e+04 
       1.231535706272e-02       2.330635874489e+04 
       1.244382884004e-02       2.335420250082e+04 
       1.257233703396e-02       2.339953954781e+04 
       1.270088152401e-02       2.344243698427e+04 
       1.282946221810e-02       2.348290981144e+04 
       1.295807905178e-02       2.352099034977e+04 
       1.308673198742e-02       2.355672862402e+04 
       1.321542101359e-02       2.359015132120e+04 
       1.334414614438e-02       2.362128124278e+04 
       1.347290741885e-02       2.365017191229e+04 
       1.360170490045e-02       2.367683595657e+04 
       1.373053867659e-02       2.370133469084e+04 
       1.385940885813e-02       2.372367174285e+04 
       1.398831557901e-02       2.374389639102e+04 
       1.411725899584e-02       2.376203106014e+04 
       1.424623928760e-02       2.377811578455e+04 
       1.437525665533e-02       2.379218188167e+04 
       1.450431132182e-02       2.380425180706e+04 
       1.463340353142e-02       2.381436632084e+04 
       1.476253354982e-02       2.382254799309e+04 
       1.489170166384e-02       2.382884191189e+04 
       1.502090818131e-02       2.383326827450e+04 
       1.515015343092e-02       2.383586113325e+04 
       1.527943776212e-02       2.383665004894e+04 
       1.540876154504e-02       2.383566098995e+04 
       1.553812517046e-02       2.383292022602e+04 
       1.566752904973e-02       2.382847566773e+04 
       1.579697361479e-02       2.382233247282e+04 
       1.592645931818e-02       2.381451842503e+04 
       1.605598663305e-02       2.380507981148e+04 
       1.618555605322e-02       2.379401304300e+04 
       1.631516809325e-02       2.378138452935e+04 
       1.644482328855e-02       2.376719410153e+04 
       1.657452219543e-02       2.375148872597e+04 
       1.670426539129e-02       2.373427038485e+04 
       1.683405347470e-02       2.371557686740e+04 
       1.696388706564e-02       2.369544718640e+04 
       1.709376680557e-02       2.367388833404e+04 
       1.722369335775e-02       2.365093908661e+04 
       1.735366740733e-02       2.362659927037e+04 
       1.748368966168e-02       2.360094624572e+04 
       1.761376085058e-02       2.357394219153e+04 
       1.774388172648e-02       2.354565375097e+04 
       1.787405306480e-02       2.351608024765e+04 
       1.800427566425e-02       2.348527439767e+04 
       1.813455034707e-02       2.345323559241e+04 
       1.826487795941e-02       2.341997490950e+04 
       1.839525937170e-02       2.338555048904e+04 
       1.852569547893e-02       2.334995373184e+04 
       1.865618720111e-02       2.331323826895e+04 
       1.878673548362e-02       2.327540392468e+04 
       1.891734129765e-02       2.323648522663e+04 
       1.904800564060e-02       2.319648478731e+04 
       1.917872953656e-02       2.315545261707e+04 
       1.930951403675e-02       2.311337186184e+04 
       1.944036022004e-02       2.307028692227e+04 
       1.957126919339e-02       2.302619714443e+04 
       1.970224209245e-02       2.298117543225e+04 
       1.983328008202e-02       2.293518691395e+04 
       1.996438435668e-02       2.288829659604e+04 
       2.009555614131e-02       2.284047185018e+04 
       2.022679669172e-02       2.279177638650e+04 
       2.035810729529e-02       2.274219110389e+04 
       2.048948927155e-02       2.269175916531e+04 
       2.062094397288e-02       2.264051584081e+04 
       2.075247278519e-02       2.258846019407e+04 
       2.088407712863e-02       2.253561175759e+04 
       2.101575845831e-02       2.248197032350e+04 
       2.114751826504e-02       2.242758705277e+04 
       2.127935807611e-02       2.237245040324e+04 
       2.141127945613e-02       2.231660485524e+04 
       2.154328400780e-02       2.225998342567e+04 
       2.167537337279e-02       2.220280976323e+04 
       2.180754923261e-02       2.214487933544e+04 
       2.193981330953e-02       2.208631886184e+04 
       2.207216736751e-02       2.202710547369e+04 
       2.220461321313e-02       2.196727631043e+04 
       2.233715269666e-02       2.190679829526e+04 
       2.246978771299e-02       2.184576323210e+04 
       2.260252020279e-02       2.178414096823e+04 
       2.273535215350e-02       2.172195473367e+04 
       2.286828560053e-02       2.165925965785e+04 
       2.300132262838e-02       2.159601910765e+04 
       2.313446537186e-02       2.153222924550e+04 
       2.326771601730e-02       2.146795482577e+04 
       2.340107680384e-02       2.140317565456e+04 
       2.353455002474e-02       2.133795330564e+04 
       2.366813802873e-02       2.127226275996e+04 
       2.380184322141e-02       2.120608976794e+04 
       2.393566806670e-02       2.113950765818e+04 
       2.406961508831e-02       2.107250082362e+04 
       2.420368687129e-02       2.100510288954e+04 
       2.433788606360e-02       2.093730269202e+04 
       2.447221537779e-02       2.086913859985e+04 
       2.460667759263e-02       2.080054967277e+04 
       2.474127555489e-02       2.073165717453e+04 
       2.487601218114e-02       2.066238941765e+04 
       2.501089045959e-02       2.059279725990e+04 
       2.514591345205e-02       2.052283575084e+04 
       2.528108429588e-02       2.045264273800e+04 
       2.541640620607e-02       2.038210111667e+04 
       2.555188247734e-02       2.031130384550e+04 
       2.568751648636e-02       2.024022128100e+04 
       2.582331169398e-02       2.016884840197e+04 
       2.595927164762e-02       2.009725923455e+04 
       2.609539998367e-02       2.002540161638e+04 
       2.623170042999e-02       1.995325660836e+04 
       2.636817680855e-02       1.988099338049e+04 
       2.650483303808e-02       1.980842226827e+04 
       2.664167313685e-02       1.973568745130e+04 
       2.677870122559e-02       1.966273322140e+04 
       2.691592153044e-02       1.958960853438e+04 
       2.705333838606e-02       1.951631654097e+04 
       2.719095623882e-02       1.944283881828e+04 
       2.732877965014e-02       1.936916663058e+04 
       2.746681329992e-02       1.929542971597e+04 
       2.760506199009e-02       1.922147593066e+04 
       2.774353064836e-02       1.914742086762e+04 
       2.788222433201e-02       1.907324623133e+04 
       2.802114823192e-02       1.899894403895e+04 
       2.816030767666e-02       1.892450962688e+04 
       2.829970813683e-02       1.884999228427e+04 
       2.843935522949e-02       1.877538218632e+04 
       2.857925472282e-02       1.870067567771e+04 
       2.871941254090e-02       1.862588552405e+04 
       2.885983476876e-02       1.855103880987e+04 
       2.900052765755e-02       1.847612587505e+04 
       2.914149762997e-02       1.840115541743e+04 
       2.928275128589e-02       1.832611340546e+04 
       2.942429540822e-02       1.825096458467e+04 
       2.956613696904e-02       1.817585239170e+04 
       2.970828313589e-02       1.810068072858e+04 
       2.985074127846e-02       1.802550679788e+04 
       2.999351897543e-02       1.795029302848e+04 
       3.013662402172e-02       1.787502471534e+04 
       3.028006443593e-02       1.779977431844e+04 
       3.042384846821e-02       1.772450472475e+04 
       3.056798460842e-02       1.764925794830e+04 
       3.071248159462e-02       1.757401342948e+04 
       3.085734842201e-02       1.749870744223e+04 
       3.100259435221e-02       1.742350357628e+04 
       3.114822892300e-02       1.734827110640e+04 
       3.129426195843e-02       1.727305512540e+04 
       3.144070357953e-02       1.719788949312e+04 
       3.158756421536e-02       1.712270301647e+04 
       3.173485461470e-02       1.704757616222e+04 
       3.188258585820e-02       1.697246672482e+04 
       3.203076937122e-02       1.689746284079e+04 
       3.217941693716e-02       1.682246170883e+04 
       3.232854071151e-02       1.674750410739e+04 
       3.247815323664e-02       1.667257404911e+04 
       3.262826745717e-02       1.659772211125e+04 
       3.277889673629e-02       1.652290189571e+04 
       3.293005487279e-02       1.644812034668e+04 
       3.308175611895e-02       1.637345595871e+04 
       3.323401519946e-02       1.629879063457e+04 
       3.338684733124e-02       1.622424631142e+04 
       3.354026824428e-02       1.614972946148e+04 
       3.369429420370e-02       1.607527201340e+04 
       3.384894203292e-02       1.600092082925e+04 
       3.400422913806e-02       1.592661018162e+04 
       3.416017353376e-02       1.585238722860e+04 
       3.431679387042e-02       1.577822606877e+04 
       3.447410946291e-02       1.570414110640e+04 
       3.463214032098e-02       1.563013884439e+04 
       3.479090718137e-02       1.555621097126e+04 
       3.495043154185e-02       1.548237283090e+04 
       3.511073569716e-02       1.540857112571e+04 
       3.527184277721e-02       1.533484522665e+04 
       3.543377678748e-02       1.526120270309e+04 
       3.559656265190e-02       1.518766157379e+04 
       3.576022625845e-02       1.511418704857e+04 
       3.592479450748e-02       1.504078414102e+04 
       3.609029536320e-02       1.496744323071e+04 
       3.625675790835e-02       1.489416006178e+04 
       3.642421240251e-02       1.482096253323e+04 
       3.659269034419e-02       1.474784538109e+04 
       3.676222453700e-02       1.467478805358e+04 
       3.693284916036e-02       1.460182736838e+04 
       3.710459984493e-02       1.452886252813e+04 
       3.727751375336e-02       1.445603623693e+04 
       3.745162966655e-02       1.438318896449e+04 
       3.762698807621e-02       1.431044258079e+04 
       3.780363128387e-02       1.423775578626e+04 
       3.798160350728e-02       1.416513972581e+04 
       3.816095099461e-02       1.409252202028e+04 
       3.834172214722e-02       1.401998293629e+04 
       3.852396765174e-02       1.394743288361e+04 
       3.870774062246e-02       1.387495110713e+04 
       3.889309675475e-02       1.380250115873e+04 
       3.908009449079e-02       1.373009635181e+04 
       3.926879519862e-02       1.365766234340e+04 
       3.945926336594e-02       1.358528662434e+04 
       3.965156681007e-02       1.351287453394e+04 
       3.984577690560e-02       1.344052767426e+04 
       4.004196883176e-02       1.336813288139e+04 
       4.024022184136e-02       1.329571625931e+04 
       4.044061955366e-02       1.322330895269e+04 
       4.064325027381e-02       1.315087380610e+04 
       4.084820734158e-02       1.307836056187e+04 
       4.105558951286e-02       1.300583438341e+04 
       4.126550137749e-02       1.293323473542e+04 
       4.147805381763e-02       1.286060311478e+04 
       4.169336451150e-02       1.278787345721e+04 
       4.191155848781e-02       1.271504470745e+04 
       4.213276873707e-02       1.264213811662e+04 
       4.235713688697e-02       1.256910337588e+04 
       4.258481394966e-02       1.249594846726e+04 
       4.281596115050e-02       1.242264532159e+04 
       4.305075084874e-02       1.234918110897e+04 
       4.328936756262e-02       1.227556068436e+04 
       4.353200911309e-02       1.220171420405e+04 
       4.377888790284e-02       1.212767819079e+04 
       4.403023234979e-02       1.205343454845e+04 
       4.428628849780e-02       1.197889139645e+04 
       4.454732183077e-02       1.190409277627e+04 
       4.481361932132e-02       1.182899912165e+04 
       4.508549175064e-02       1.175355357861e+04 
       4.536327634260e-02       1.167777727113e+04 
       4.564733976364e-02       1.160158905804e+04 
       4.593808154955e-02       1.152497564491e+04 
       4.623593803226e-02       1.144789370707e+04 
       4.654138685452e-02       1.137035461679e+04 
       4.685495217815e-02       1.129223747941e+04 
       4.717721071406e-02       1.121350969036e+04 
       4.750879872946e-02       1.113418555706e+04 
       4.785042022218e-02       1.105412202770e+04 
       4.820285649468e-02       1.097325759709e+04 
       4.856697741405e-02       1.089159881973e+04 
       4.894375471209e-02       1.080899533266e+04 
       4.933427776471e-02       1.072540355115e+04 
       4.973977239865e-02       1.064069643125e+04 
       5.016162341123e-02       1.055478255413e+04 
       5.060140166449e-02       1.046750346893e+04 
       5.106089683913e-02       1.037876368852e+04 
       5.154215721872e-02       1.028835539500e+04 
       5.204753823639e-02       1.019611508699e+04 
       5.257976197059e-02       1.010177790796e+04 
       5.314199034005e-02       1.000513336520e+04 
       5.373791542608e-02       9.905829329121e+03 
       5.437187112827e-02       9.803531170974e+03 
       5.504897116612e-02       9.697757860477e+03 
       5.577527908755e-02       9.587993400848e+03 
       5.655801600950e-02       9.473529307391e+03 
       5.740581040373e-02       9.353595578543e+03 
       5.832898957742e-02       9.227074216777e+03 
       5.933990124552e-02       9.092707091108e+03 
       6.045322987547e-02       8.948725149261e+03 
       6.168622706597e-02       8.793023217605e+03 
       6.305869663050e-02       8.622815079747e+03 
       6.459245803418e-02       8.434703132207e+03 
       6.630988393562e-02       8.224595567424e+03 
       6.823108336988e-02       7.987955423043e+03 
       7.036963059809e-02       7.720453783846e+03 
       7.272768050538e-02       7.419164760706e+03 
       7.529261181431e-02       7.084111766090e+03 
       7.803770259898e-02       6.719599081405e+03 
       8.092742631676e-02       6.334482097977e+03 
       8.392487015944e-02       5.941050358346e+03 
       8.699768768953e-02       5.552976996823e+03 
       9.012080011488e-02       5.183120192704e+03 
       9.327636407004e-02       4.841894297070e+03 
       9.645240037996e-02       4.536357249771e+03 
       9.964116623938e-02       4.269999347014e+03 
       1.028377764685e-01       4.043000814166e+03 
       1.060391949922e-01       3.852792954270e+03 
       1.092435523549e-01       3.694724283114e+03 
       1.124497038937e-01       3.562739278534e+03 
       1.156569510546e-01       3.450035204409e+03 
       1.188648683169e-01       3.349691076565e+03 
       1.220731966990e-01       3.255247211548e+03 
       1.252817785994e-01       3.161228413480e+03 
       1.284905180615e-01       3.063543728741e+03 
       1.316993565923e-01       2.959740189754e+03 
       1.349082584632e-01       2.849052544743e+03 
       1.381172017809e-01       2.732249630007e+03 
       1.413261730655e-01       2.611312285390e+03 
       1.445351639579e-01       2.489018015329e+03 
       1.477441692210e-01       2.368489178209e+03 
       1.509531855249e-01       2.252766094952e+03 
       1.541622107091e-01       2.144473607353e+03 
       1.573712433333e-01       2.045586003228e+03 
       1.605802824044e-01       1.957286248746e+03 
       1.637893272093e-01       1.879953552251e+03 
       1.669983772132e-01       1.813205707823e+03 
       1.702074319971e-01       1.756023068435e+03 
       1.734164912185e-01       1.706899578396e+03 
       1.766255545883e-01       1.664015804040e+03 
       1.798346218547e-01       1.625429557751e+03 
       1.830436927943e-01       1.589350959644e+03 
       1.862527672055e-01       1.554223114641e+03 
       1.894618449041e-01       1.518295747309e+03 
       1.926709257208e-01       1.480603283277e+03 
       1.958800094987e-01       1.440672197439e+03 
       1.990890960922e-01       1.398498595131e+03 
       2.022981853654e-01       1.354484676828e+03 
       2.055072771912e-01       1.309335438783e+03 
       2.087163714507e-01       1.263935339389e+03 
       2.119254680323e-01       1.219219386845e+03 
       2.151345668313e-01       1.176083105716e+03 
       2.183436677489e-01       1.135278610492e+03 
       2.215527706926e-01       1.097367657939e+03 
       2.247618755749e-01       1.062683002217e+03 
       2.279709823133e-01       1.031340596150e+03 
       2.311800908299e-01       1.003236750245e+03 
       2.343892010513e-01       9.780914034884e+02 
       2.375983129080e-01       9.554803903391e+02 
       2.408074263339e-01       9.348877996691e+02 
       2.440165412670e-01       9.157517405213e+02 
       2.472256576481e-01       8.975151772669e+02 
       2.504347754211e-01       8.796692063372e+02 
       2.536438945330e-01       8.617962653639e+02 
       2.568530149332e-01       8.435876376421e+02 
       2.600621365737e-01       8.248793568584e+02 
       2.632712594089e-01       8.056258407073e+02 
       2.664803833954e-01       7.859088997766e+02 
       2.696895084919e-01       7.659056811391e+02 
       2.728986346589e-01       7.458614942786e+02 
       2.761077618589e-01       7.260524212226e+02 
       2.793168900562e-01       7.067551053634e+02 
       2.825260192165e-01       6.882141436535e+02 
       2.857351493071e-01       6.706224730102e+02 
       2.889442802971e-01       6.541073228824e+02 
       2.921534121564e-01       6.387256264148e+02 
       2.953625448567e-01       6.244593336150e+02 
       2.985716783707e-01       6.112357137596e+02 
       3.017808126723e-01       5.989274445543e+02 
       3.049899477365e-01       5.873789983720e+02 
       3.081990835393e-01       5.764161373807e+02 
       3.114082200579e-01       5.658670700212e+02 
       3.146173572701e-01       5.555741081825e+02 
       3.178264951549e-01       5.454039025651e+02 
       3.210356336920e-01       5.352579140504e+02 
       3.242447728620e-01       5.250751329354e+02 
       3.274539126460e-01       5.148312687531e+02 
       3.306630530263e-01       5.045403325781e+02 
       3.338721939855e-01       4.942423482935e+02 
       3.370813355069e-01       4.840001271071e+02 
       3.402904775747e-01       4.738873086749e+02 
       3.434996201734e-01       4.639816335855e+02 
       3.467087632882e-01       4.543561258552e+02 
       3.499179069048e-01       4.450705022344e+02 
       3.531270510096e-01       4.361678508546e+02 
       3.563361955892e-01       4.276732953052e+02 
       3.595453406309e-01       4.195894010215e+02 
       3.627544861224e-01       4.119000486937e+02 
       3.659636320517e-01       4.045704849814e+02 
       3.691727784075e-01       3.975608892388e+02 
       3.723819251786e-01       3.908159706331e+02 
       3.755910723544e-01       3.842844305919e+02 
       3.788002199245e-01       3.779155768547e+02 
       3.820093678789e-01       3.716660862402e+02 
       3.852185162080e-01       3.655022083562e+02 
       3.884276649026e-01       3.593988641766e+02 
       3.916368139534e-01       3.533460531209e+02 
       3.948459633519e-01       3.473418018507e+02 
       3.980551130896e-01       3.413932826286e+02 
       4.012642631583e-01       3.355142568793e+02 
       4.044734135502e-01       3.297224612198e+02 
       4.076825642575e-01       3.240367089288e+02 
       4.108917152728e-01       3.184756550828e+02 
       4.141008665889e-01       3.130549113868e+02 
       4.173100181989e-01       3.077862978410e+02 
       4.205191700961e-01       3.026772794711e+02 
       4.237283222738e-01       2.977304874728e+02 
       4.269374747257e-01       2.929431095006e+02 
       4.301466274457e-01       2.883106131010e+02 
       4.333557804278e-01       2.838224242932e+02 
       4.365649336662e-01       2.794661659820e+02 
       4.397740871552e-01       2.752282969119e+02 
       4.429832408894e-01       2.710948194316e+02 
       4.461923948635e-01       2.670514880550e+02 
       4.494015490723e-01       2.630862156910e+02 
       4.526107035108e-01       2.591883147418e+02 
       4.558198581741e-01       2.553497689071e+02 
       4.590290130576e-01       2.515649978802e+02 
       4.622381681566e-01       2.478315921371e+02 
       4.654473234665e-01       2.441498051429e+02 
       4.686564789832e-01       2.405214905870e+02 
       4.718656347024e-01       2.369504093867e+02 
       4.750747906198e-01       2.334428067264e+02 
       4.782839467316e-01       2.300022413884e+02 
       4.814931030339e-01       2.266347616216e+02 
       4.847022595228e-01       2.233432745671e+02 
       4.879114161946e-01       2.201308948929e+02 
       4.911205730457e-01       2.169981178194e+02 
       4.943297300727e-01       2.139438587356e+02 
       4.975388872722e-01       2.109652182520e+02 
       5.007480446407e-01       2.080580306830e+02 
       5.039572021751e-01       2.052182332706e+02 
       5.071663598722e-01       2.024391417663e+02 
       5.103755177289e-01       1.997155787427e+02 
       5.135846757422e-01       1.970422302826e+02 
       5.167938339093e-01       1.944146755931e+02 
       5.200029922272e-01       1.918295021871e+02 
       5.232121506931e-01       1.892841886388e+02 
       5.264213093044e-01       1.867775288396e+02 
       5.296304680583e-01       1.843090428505e+02 
       5.328396269524e-01       1.818793039021e+02 
       5.360487859840e-01       1.794886672982e+02 
       5.392579451508e-01       1.771383516427e+02 
       5.424671044503e-01       1.748293586314e+02 
       5.456762638801e-01       1.725625011687e+02 
       5.488854234381e-01       1.703384032493e+02 
       5.520945831218e-01       1.681570415695e+02 
       5.553037429292e-01       1.660181863090e+02 
       5.585129028581e-01       1.639212183489e+02 
       5.617220629064e-01       1.618650352107e+02 
       5.649312230721e-01       1.598484027861e+02 
       5.681403833532e-01       1.578697603708e+02 
       5.713495437477e-01       1.559276694630e+02 
       5.745587042537e-01       1.540204379580e+02 
       5.777678648694e-01       1.521463457834e+02 
       5.809770255930e-01       1.503040723566e+02 
       5.841861864226e-01       1.484919971226e+02 
       5.873953473565e-01       1.467090110144e+02 
       5.906045083930e-01       1.449540240579e+02 
       5.938136695305e-01       1.432263161578e+02 
       5.970228307672e-01       1.415251018309e+02 
       6.002319921017e-01       1.398502995609e+02 
       6.034411535324e-01       1.382014328332e+02 
       6.066503150576e-01       1.365784250903e+02 
       6.098594766760e-01       1.349813397563e+02 
       6.130686383860e-01       1.334101451820e+02 
       6.162778001863e-01       1.318647998191e+02 
       6.194869620754e-01       1.303451558660e+02 
       6.226961240519e-01       1.288509618840e+02 
       6.259052861145e-01       1.273819106864e+02 
       6.291144482618e-01       1.259374349068e+02 
       6.323236104927e-01       1.245169151737e+02 
       6.355327728057e-01       1.231197518499e+02 
       6.387419351997e-01       1.217451013804e+02 
       6.419510976735e-01       1.203923100166e+02 
       6.451602602258e-01       1.190605957586e+02 
       6.483694228555e-01       1.177493527313e+02 
       6.515785855615e-01       1.164579284871e+02 
       6.547877483425e-01       1.151857890286e+02 
       6.579969111976e-01       1.139324839099e+02 
       6.612060741256e-01       1.126976748100e+02 
       6.644152371255e-01       1.114810241300e+02 
       6.676244001962e-01       1.102821210822e+02 
       6.708335633367e-01       1.091008540626e+02 
       6.740427265461e-01       1.079369406802e+02 
       6.772518898233e-01       1.067901667119e+02 
       6.804610531673e-01       1.056604375166e+02 
       6.836702165773e-01       1.045474087701e+02 
       6.868793800523e-01       1.034508850540e+02 
       6.900885435914e-01       1.023706675031e+02 
       6.932977071937e-01       1.013064947920e+02 
       6.965068708583e-01       1.002580368173e+02 
       6.997160345844e-01       9.922500672167e+01 
       7.029251983711e-01       9.820707627243e+01 
       7.061343622176e-01       9.720390057614e+01 
       7.093435261231e-01       9.621515971711e+01 
       7.125526900868e-01       9.524050594636e+01 
       7.157618541079e-01       9.427959834480e+01 
       7.189710181856e-01       9.333212335360e+01 
       7.221801823191e-01       9.239778012760e+01 
       7.253893465078e-01       9.147637371263e+01 
       7.285985107509e-01       9.056762039980e+01 
       7.318076750477e-01       8.967125337923e+01 
       7.350168393975e-01       8.878717935332e+01 
       7.382260037995e-01       8.791511406299e+01 
       7.414351682532e-01       8.705496724310e+01 
       7.446443327578e-01       8.620650722970e+01 
       7.478534973126e-01       8.536958423308e+01 
       7.510626619171e-01       8.454404580183e+01 
       7.542718265706e-01       8.372965542748e+01 
       7.574809912725e-01       8.292620650301e+01 
       7.606901560221e-01       8.213361505397e+01 
       8.334103993033e-01       6.668755388695e+01 
       9.399467729227e-01       5.054561571386e+01 
       1.110690271313e+00       3.424821752090e+01 
       1.376748805336e+00       2.059943696424e+01 
       1.383125864454e+00       2.037347500049e+01 
       1.731788734343e+00       1.186251024141e+01 
       2.180172653316e+00       6.760793660057e+00 
       2.744674702526e+00       3.823488604901e+00 
       3.455340730101e+00       2.147041656596e+00 
       4.350016251532e+00       1.197817323870e+00 
       5.476346000771e+00       6.642561066399e-01 
       6.894311144148e+00       3.663492153019e-01 
       8.679423496183e+00       2.010226122572e-01 
       1.092674679907e+01       1.097893228758e-01 
       1.375595921359e+01       5.970113150063e-02 
       1.731772661759e+01       3.233225199116e-02 
       2.180172611339e+01       1.744332921865e-02 
       2.744674702512e+01       9.376259974468e-03 
       3.455340730101e+01       5.022020024728e-03 
