# Matter power spectrum P(k) at redshift z=0
# for k=9.77578e-06 to 1.80917 h/Mpc,
# number of wavenumbers equal to 517
#    1:k (h/Mpc)              2:P (Mpc/h)^3        
       9.775781161314e-06       5.203791322402e+01 
       2.597253013860e-05       1.630637454775e+02 
       4.224506056911e-05       2.604293175128e+02 
       5.866262757844e-05       3.574197551052e+02 
       7.529609248481e-05       4.545510650146e+02 
       9.221891950955e-05       5.523878708973e+02 
       1.095082176319e-04       6.516553253712e+02 
       1.272458487249e-04       7.527545677687e+02 
       1.455196231146e-04       8.563300725116e+02 
       1.644246035015e-04       9.629087460743e+02 
       1.840645373889e-04       1.073070528186e+03 
       2.045534362120e-04       1.187363038829e+03 
       2.260173154420e-04       1.306680128821e+03 
       2.485961028840e-04       1.431562864782e+03 
       2.724457105867e-04       1.562852970355e+03 
       2.977402470742e-04       1.701442685674e+03 
       3.246743182145e-04       1.848321145171e+03 
       3.534653236607e-04       2.004590547920e+03 
       3.843555979429e-04       2.171404281338e+03 
       4.176141681057e-04       2.350074071560e+03 
       4.535378027881e-04       2.542006950794e+03 
       4.924509154474e-04       2.748711825542e+03 
       5.347037709589e-04       2.971778742795e+03 
       5.806683581572e-04       3.212618600464e+03 
       6.307312771320e-04       3.472490254341e+03 
       6.852831120314e-04       3.753430050523e+03 
       7.447040846309e-04       4.056837382663e+03 
       8.093463524240e-04       4.383849345385e+03 
       8.795140982916e-04       4.735268147798e+03 
       9.554434136358e-04       5.111412387648e+03 
       1.037284639847e-03       5.512096037144e+03 
       1.125089990529e-03       5.936524951958e+03 
       1.218808712297e-03       6.383393121090e+03 
       1.318290791383e-03       6.850848029418e+03 
       1.423298615328e-03       7.336629682599e+03 
       1.533524567277e-03       7.838186191072e+03 
       1.648611707673e-03       8.352821215902e+03 
       1.768174652003e-03       8.877780744922e+03 
       1.891818342425e-03       9.410385592787e+03 
       2.019153313918e-03       9.948134702114e+03 
       2.149806949837e-03       1.048863690791e+04 
       2.283430902070e-03       1.102981715808e+04 
       2.419705252520e-03       1.156981805099e+04 
       2.558340149477e-03       1.210695477929e+04 
       2.699075641304e-03       1.263987650069e+04 
       2.841680328094e-03       1.316737043566e+04 
       2.985949317533e-03       1.368834379595e+04 
       3.131701839485e-03       1.420202878719e+04 
       3.278778761743e-03       1.470765173750e+04 
       3.427040162086e-03       1.520465896657e+04 
       3.576363048052e-03       1.569258848809e+04 
       3.726639271640e-03       1.617106828871e+04 
       3.877773657005e-03       1.663964626092e+04 
       4.029682340973e-03       1.709825896027e+04 
       4.182291315529e-03       1.754667991463e+04 
       4.335535155842e-03       1.798471127963e+04 
       4.489355915027e-03       1.841218784379e+04 
       4.643702166521e-03       1.882918459280e+04 
       4.798528175755e-03       1.923580400346e+04 
       4.953793184242e-03       1.963183137289e+04 
       5.109460790908e-03       2.001737677611e+04 
       5.265498417226e-03       2.039240914517e+04 
       5.421876844454e-03       2.075714013338e+04 
       5.578569812781e-03       2.111146457824e+04 
       5.735553673634e-03       2.145554654967e+04 
       5.892807087635e-03       2.178947117618e+04 
       6.050310761758e-03       2.211326028040e+04 
       6.208047220197e-03       2.242712351968e+04 
       6.366000604249e-03       2.273106734751e+04 
       6.524156497201e-03       2.302526176938e+04 
       6.682501770796e-03       2.330970671423e+04 
       6.841024450364e-03       2.358465291287e+04 
       6.999713596108e-03       2.385005162054e+04 
       7.158559198415e-03       2.410503764234e+04 
       7.317552085344e-03       2.435191436733e+04 
       7.476683840730e-03       2.458964322094e+04 
       7.635946731540e-03       2.481842330697e+04 
       7.795333643323e-03       2.503852347928e+04 
       7.954838022739e-03       2.524970245341e+04 
       8.114453826313e-03       2.545221799041e+04 
       8.274175474635e-03       2.564626581901e+04 
       8.433997811392e-03       2.583181381504e+04 
       8.593916066622e-03       2.600905597906e+04 
       8.753925823735e-03       2.617808596938e+04 
       8.914022989845e-03       2.633921554986e+04 
       9.074203769049e-03       2.649218438923e+04 
       9.234464638324e-03       2.663727426596e+04 
       9.394802325744e-03       2.677455085537e+04 
       9.555213790786e-03       2.690411051716e+04 
       9.715696206471e-03       2.702639387682e+04 
       9.876246943173e-03       2.714115282974e+04 
       1.003686355391e-02       2.724848572794e+04 
       1.019754376097e-02       2.734853206316e+04 
       1.035828544370e-02       2.744140877026e+04 
       1.051908662744e-02       2.752715206584e+04 
       1.067994547333e-02       2.760597344469e+04 
       1.084086026909e-02       2.767795944336e+04 
       1.100182942051e-02       2.774357558545e+04 
       1.116285144370e-02       2.780200382686e+04 
       1.132392495798e-02       2.785388122871e+04 
       1.148504867934e-02       2.789919577281e+04 
       1.164622141443e-02       2.793811232015e+04 
       1.180744205510e-02       2.797071458946e+04 
       1.196870957327e-02       2.799703694137e+04 
       1.213002301629e-02       2.801721661872e+04 
       1.229138150264e-02       2.803129125474e+04 
       1.245278421797e-02       2.803938759214e+04 
       1.261423041144e-02       2.804157744722e+04 
       1.277571939232e-02       2.803798649378e+04 
       1.293725052690e-02       2.802866596430e+04 
       1.309882323562e-02       2.801371839088e+04 
       1.326043699037e-02       2.799321393775e+04 
       1.342209131205e-02       2.796723165458e+04 
       1.358378576828e-02       2.793584271867e+04 
       1.374551997130e-02       2.789915831582e+04 
       1.390729357604e-02       2.785725738732e+04 
       1.406910627825e-02       2.781019831522e+04 
       1.423095781290e-02       2.775809269817e+04 
       1.439284795260e-02       2.770097525749e+04 
       1.455477650618e-02       2.763897335464e+04 
       1.471674331733e-02       2.757211964994e+04 
       1.487874826344e-02       2.750056481173e+04 
       1.504079125440e-02       2.742433309259e+04 
       1.520287223161e-02       2.734352442481e+04 
       1.536499116699e-02       2.725819953334e+04 
       1.552714806210e-02       2.716845920192e+04 
       1.568934294728e-02       2.707438223645e+04 
       1.585157588098e-02       2.697598066932e+04 
       1.601384694900e-02       2.687342450965e+04 
       1.617615626387e-02       2.676674369758e+04 
       1.633850396429e-02       2.665606615014e+04 
       1.650089021459e-02       2.654142500348e+04 
       1.666331520425e-02       2.642288309871e+04 
       1.682577914748e-02       2.629973186943e+04 
       1.698828228279e-02       2.617362383398e+04 
       1.715082487271e-02       2.604386405387e+04 
       1.731340720341e-02       2.591060351036e+04 
       1.747602958446e-02       2.577272436414e+04 
       1.763869234858e-02       2.563168561216e+04 
       1.780139585144e-02       2.548808365967e+04 
       1.796414047150e-02       2.534118370986e+04 
       1.812692660982e-02       2.519108339325e+04 
       1.828975468998e-02       2.503817201990e+04 
       1.845262515801e-02       2.488187441812e+04 
       1.861553848227e-02       2.472258404396e+04 
       1.877849515347e-02       2.456048315508e+04 
       1.894149568463e-02       2.439554321300e+04 
       1.910454061111e-02       2.422775634035e+04 
       1.926763049063e-02       2.405733840252e+04 
       1.943076590335e-02       2.388417788655e+04 
       1.959394745191e-02       2.370861110950e+04 
       1.975717576160e-02       2.353056786654e+04 
       1.992045148042e-02       2.335014189594e+04 
       2.008377527925e-02       2.316738745173e+04 
       2.024714785200e-02       2.298237839164e+04 
       2.041056991582e-02       2.279519735849e+04 
       2.057404221128e-02       2.260600764005e+04 
       2.073756550259e-02       2.241469071808e+04 
       2.090114057784e-02       2.222141800396e+04 
       2.106476824926e-02       2.202625323733e+04 
       2.122844935352e-02       2.182923519433e+04 
       2.139218475198e-02       2.163057995221e+04 
       2.155597533102e-02       2.143014422227e+04 
       2.171982200239e-02       2.122813778798e+04 
       2.188372570353e-02       2.102469963509e+04 
       2.204768739797e-02       2.082094631641e+04 
       2.221170807567e-02       2.061465569724e+04 
       2.237578875346e-02       2.040701490775e+04 
       2.253993047543e-02       2.019807487936e+04 
       2.270413431339e-02       1.998793745074e+04 
       2.286840136734e-02       1.977669053084e+04 
       2.303273276591e-02       1.956435105262e+04 
       2.319712966688e-02       1.935101161948e+04 
       2.336159325767e-02       1.913672906795e+04 
       2.352612475590e-02       1.892155395889e+04 
       2.369072540995e-02       1.870500982998e+04 
       2.385539649946e-02       1.848826923541e+04 
       2.402013933604e-02       1.827081567467e+04 
       2.418495526376e-02       1.805283582603e+04 
       2.434984565986e-02       1.783429862411e+04 
       2.451481193541e-02       1.761521510467e+04 
       2.467985553591e-02       1.739477766715e+04 
       2.484497794209e-02       1.717489833427e+04 
       2.501018067054e-02       1.695454936890e+04 
       2.517546527451e-02       1.673415241390e+04 
       2.534083334466e-02       1.651359989539e+04 
       2.550628650984e-02       1.629287833535e+04 
       2.567182643794e-02       1.607213588262e+04 
       2.583745483670e-02       1.585133858789e+04 
       2.600317345456e-02       1.563062187752e+04 
       2.616898408162e-02       1.541002498625e+04 
       2.633488855051e-02       1.518957254465e+04 
       2.650088873732e-02       1.496939121256e+04 
       2.666698656266e-02       1.474958805684e+04 
       2.683318399259e-02       1.452993629727e+04 
       2.699948303968e-02       1.431072205970e+04 
       2.716588576410e-02       1.409195530513e+04 
       2.733239427471e-02       1.387360051080e+04 
       2.749901073020e-02       1.365585334526e+04 
       2.766573734024e-02       1.343864592488e+04 
       2.783257636670e-02       1.322212465917e+04 
       2.799953012492e-02       1.300626995232e+04 
       2.816660098494e-02       1.279117379581e+04 
       2.833379137284e-02       1.257684516942e+04 
       2.850110377212e-02       1.236339167061e+04 
       2.866854072506e-02       1.215086668290e+04 
       2.883610483421e-02       1.193920185461e+04 
       2.900379876384e-02       1.172854751292e+04 
       2.917162524147e-02       1.151877119013e+04 
       2.933958705949e-02       1.131020569594e+04 
       2.950768707675e-02       1.110268865850e+04 
       2.967592822028e-02       1.089633342361e+04 
       2.984431348698e-02       1.069121614857e+04 
       3.001284594543e-02       1.048738852302e+04 
       3.018152873772e-02       1.028470229816e+04 
       3.035036508138e-02       1.008342265611e+04 
       3.051935827131e-02       9.883414308038e+03 
       3.068851168182e-02       9.685576607407e+03 
       3.085782876872e-02       9.488417150471e+03 
       3.102731307147e-02       9.292771453876e+03 
       3.119696821539e-02       9.098673707451e+03 
       3.136679791401e-02       8.905988917149e+03 
       3.153680597140e-02       8.714966542827e+03 
       3.170699628461e-02       8.525283666680e+03 
       3.187737284625e-02       8.337460119136e+03 
       3.204793974707e-02       8.151274467405e+03 
       3.221870117870e-02       7.966431540719e+03 
       3.238966143639e-02       7.784026152724e+03 
       3.256082492194e-02       7.603086150964e+03 
       3.273219614671e-02       7.423516837639e+03 
       3.290377973465e-02       7.246100223586e+03 
       3.307558042554e-02       7.070585415305e+03 
       3.324760307830e-02       6.896822638318e+03 
       3.341985267439e-02       6.725047501788e+03 
       3.359233432137e-02       6.555196738146e+03 
       3.376505325658e-02       6.387267760687e+03 
       3.393801485090e-02       6.221333992509e+03 
       3.411122461274e-02       6.057369576496e+03 
       3.428468819210e-02       5.895403342636e+03 
       3.445841138478e-02       5.735471349852e+03 
       3.463240013678e-02       5.577569232716e+03 
       3.480666054884e-02       5.421804858924e+03 
       3.498119888116e-02       5.268080110350e+03 
       3.515602155828e-02       5.116406856672e+03 
       3.533113517416e-02       4.966892363405e+03 
       3.550654649745e-02       4.819506428982e+03 
       3.568226247696e-02       4.674299380694e+03 
       3.585829024733e-02       4.531239594263e+03 
       3.603463713494e-02       4.390362843006e+03 
       3.621131066405e-02       4.251675819271e+03 
       3.638831856316e-02       4.115186606540e+03 
       3.656566877164e-02       3.980924837302e+03 
       3.674336944664e-02       3.848884815893e+03 
       3.692142897025e-02       3.719071464582e+03 
       3.709985595696e-02       3.591536822906e+03 
       3.727865926146e-02       3.466199024239e+03 
       3.745784798670e-02       3.343411920779e+03 
       3.763743149237e-02       3.222548547428e+03 
       3.781741940365e-02       3.104056757449e+03 
       3.799782162037e-02       2.987686595358e+03 
       3.817864832660e-02       2.873759143075e+03 
       3.835991000062e-02       2.762155435007e+03 
       3.854161742529e-02       2.652765373865e+03 
       3.872378169893e-02       2.545709809110e+03 
       3.890641424668e-02       2.440902616808e+03 
       3.908952683236e-02       2.338450853122e+03 
       3.927313157082e-02       2.238301714502e+03 
       3.945724094093e-02       2.140453676955e+03 
       3.964186779913e-02       2.044899089685e+03 
       3.982702539363e-02       1.951653170386e+03 
       4.001272737920e-02       1.860699629434e+03 
       4.019898783280e-02       1.772036525537e+03 
       4.038582126981e-02       1.685680291061e+03 
       4.057324266117e-02       1.601600150327e+03 
       4.076126745125e-02       1.519812458221e+03 
       4.094991157667e-02       1.440294636816e+03 
       4.113919148604e-02       1.363133978230e+03 
       4.132912416067e-02       1.288190848656e+03 
       4.151972713634e-02       1.215444720095e+03 
       4.171101852623e-02       1.144955623110e+03 
       4.190301704494e-02       1.076736391907e+03 
       4.209574203387e-02       1.010763020247e+03 
       4.228921348786e-02       9.470297045820e+02 
       4.248345208333e-02       8.854918532515e+02 
       4.267847920785e-02       8.261624533099e+02 
       4.287431699141e-02       7.690538989870e+02 
       4.307098833935e-02       7.141230829600e+02 
       4.326851696715e-02       6.613678578785e+02 
       4.346692743720e-02       6.107842162172e+02 
       4.366624519763e-02       5.623425443893e+02 
       4.386649662342e-02       5.160616944547e+02 
       4.406770905985e-02       4.718847350341e+02 
       4.426991086857e-02       4.297830297379e+02 
       4.447313147637e-02       3.898006015040e+02 
       4.467740142698e-02       3.518904755068e+02 
       4.488275243588e-02       3.160252607124e+02 
       4.508921744868e-02       2.822415396027e+02 
       4.529683070302e-02       2.504563955265e+02 
       4.550562779444e-02       2.206758580873e+02 
       4.571564574650e-02       1.928893954520e+02 
       4.592692308537e-02       1.670634215613e+02 
       4.613949991947e-02       1.431902495576e+02 
       4.635341802424e-02       1.212476633586e+02 
       4.656872093277e-02       1.012068868342e+02 
       4.678545403259e-02       8.305573496078e+01 
       4.700366466911e-02       6.676648497300e+01 
       4.722340225641e-02       5.232038788627e+01 
       4.744471839587e-02       3.969345294233e+01 
       4.766766700334e-02       2.885312178044e+01 
       4.789230444574e-02       1.978136224314e+01 
       4.811868968760e-02       1.245414422267e+01 
       4.834688444884e-02       6.839238707759e+00 
       4.857695337447e-02       2.912689824352e+00 
       4.880896421754e-02       6.458972214637e-01 
       4.904298803637e-02       8.845016375737e-03 
       4.927909940772e-02       9.724392354726e-01 
       4.951737665707e-02       3.505570223856e+00 
       4.975790210801e-02       7.575901372805e+00 
       5.000076235243e-02       1.314971166597e+01 
       5.024604854374e-02       2.019519891457e+01 
       5.049385671547e-02       2.867615824907e+01 
       5.074428812774e-02       3.855219447544e+01 
       5.099744964486e-02       4.979249746995e+01 
       5.125345414718e-02       6.235171668437e+01 
       5.151242098099e-02       7.619345900588e+01 
       5.177447645083e-02       9.126912873774e+01 
       5.203975435896e-02       1.075435140801e+02 
       5.230839659738e-02       1.249608835181e+02 
       5.258055379880e-02       1.434762412686e+02 
       5.285638605337e-02       1.630390028789e+02 
       5.313606369942e-02       1.836045478994e+02 
       5.341976819740e-02       2.051019948908e+02 
       5.370769309748e-02       2.274826759995e+02 
       5.400004511306e-02       2.506855308207e+02 
       5.429704531415e-02       2.746488685168e+02 
       5.459893045682e-02       2.992981970632e+02 
       5.490595446735e-02       3.245755757110e+02 
       5.521839010298e-02       3.503767776808e+02 
       5.553653081450e-02       3.766246843637e+02 
       5.586069284032e-02       4.032750960930e+02 
       5.619121756681e-02       4.301706562633e+02 
       5.652847419564e-02       4.572658557069e+02 
       5.687286276643e-02       4.844343705864e+02 
       5.722481759160e-02       5.115829325879e+02 
       5.758481117130e-02       5.385328367711e+02 
       5.795335866926e-02       5.652390336751e+02 
       5.833102304617e-02       5.915006076994e+02 
       5.871842096695e-02       6.171668479522e+02 
       5.911622962214e-02       6.420955003399e+02 
       5.952519463317e-02       6.661013923481e+02 
       5.994613924836e-02       6.889934114502e+02 
       6.037997508186e-02       7.105561848582e+02 
       6.082771470547e-02       7.305477445482e+02 
       6.129048647492e-02       7.487430667283e+02 
       6.176955206293e-02       7.648553073560e+02 
       6.226632728641e-02       7.785947781454e+02 
       6.278240696029e-02       7.896361165031e+02 
       6.331959469650e-02       7.976144953157e+02 
       6.387993880222e-02       8.021490706193e+02 
       6.446577573321e-02       8.028226951882e+02 
       6.507978294067e-02       7.991744686467e+02 
       6.572504343562e-02       7.907236995332e+02 
       6.640512500223e-02       7.769493827423e+02 
       6.712417774024e-02       7.573256258975e+02 
       6.788705450871e-02       7.312623177144e+02 
       6.869945984624e-02       6.982214014715e+02 
       6.956813393703e-02       6.577142207136e+02 
       7.050107888251e-02       6.093041837515e+02 
       7.150783426331e-02       5.528397940744e+02 
       7.259980637880e-02       4.883663958580e+02 
       7.379064796419e-02       4.164580961284e+02 
       7.509666767351e-02       3.385248079960e+02 
       7.653721270249e-02       2.570452584547e+02 
       7.813490085724e-02       1.760640114281e+02 
       7.991546611355e-02       1.015948303661e+02 
       8.190682409933e-02       4.173649331964e+01 
       8.413681718524e-02       6.024462546803e+00 
       8.662915053497e-02       3.315310559162e+00 
       8.939763047061e-02       3.776989324178e+01 
       9.244020500748e-02       1.038598913144e+02 
       9.573583792375e-02       1.836565556182e+02 
       9.924702322647e-02       2.504795975470e+02 
       1.029276207686e-01       2.794308807409e+02 
       1.067321045015e-01       2.592105516457e+02 
       1.106220374178e-01       1.976388913018e+02 
       1.145683963327e-01       1.176187609185e+02 
       1.185509023857e-01       4.675309602381e+01 
       1.225561036062e-01       6.118412392447e+00 
       1.265753721310e-01       3.256122263491e+00 
       1.306032909315e-01       3.131709437044e+01 
       1.346365037480e-01       7.362436743313e+01 
       1.386729480081e-01       1.110518435800e+02 
       1.427113624182e-01       1.291198039610e+02 
       1.467509779395e-01       1.223843451370e+02 
       1.507913264514e-01       9.501339475043e+01 
       1.548321232400e-01       5.794297751441e+01 
       1.588731951793e-01       2.413741893298e+01 
       1.629144369671e-01       3.756375733189e+00 
       1.669557845035e-01       1.041537316779e+00 
       1.709971987141e-01       1.364375910905e+01 
       1.750386557260e-01       3.427605527800e+01 
       1.790801409035e-01       5.392993229900e+01 
       1.831216452277e-01       6.515744819754e+01 
       1.871631630988e-01       6.435645150480e+01 
       1.912046910010e-01       5.254988713828e+01 
       1.952462266927e-01       3.446200276858e+01 
       1.992877687135e-01       1.641025018593e+01 
       2.033293160845e-01       3.922779798452e+00 
       2.073708681259e-01       2.030681219430e-02 
       2.114124243461e-01       4.530433324847e+00 
       2.154539843729e-01       1.451764779602e+01 
       2.194955479121e-01       2.556140604615e+01 
       2.235371147216e-01       3.340889507897e+01 
       2.275786845954e-01       3.538997995266e+01 
       2.316202573531e-01       3.116529547626e+01 
       2.356618328340e-01       2.252712086298e+01 
       2.397034108923e-01       1.254125296632e+01 
       2.437449913945e-01       4.387849721153e+00 
       2.477865742177e-01       2.979255786690e-01 
       2.518281592476e-01       9.292959039335e-01 
       2.558697463779e-01       5.310059478679e+00 
       2.599113355094e-01       1.133870384535e+01 
       2.639529265490e-01       1.661624372242e+01 
       2.679945194095e-01       1.928378519894e+01 
       2.720361140091e-01       1.856414780590e+01 
       2.760777102708e-01       1.488873956273e+01 
       2.801193081220e-01       9.611635959967e+00 
       2.841609074945e-01       4.477486612773e+00 
       2.882025083237e-01       1.005624360791e+00 
       2.922441105489e-01       1.842556173916e-02 
       2.962857141124e-01       1.439624128570e+00 
       3.003273189599e-01       4.419391140793e+00 
       3.043689250399e-01       7.701910072812e+00 
       3.084105323036e-01       1.007919311129e+01 
       3.124521407049e-01       1.077198469169e+01 
       3.164937501997e-01       9.632821023024e+00 
       3.205353607466e-01       7.128208567366e+00 
       3.245769723060e-01       4.127315847409e+00 
       3.286185848402e-01       1.574568838019e+00 
       3.326601983136e-01       1.712205948521e-01 
       3.367018126921e-01       1.735592876455e-01 
       3.407434279433e-01       1.361827505760e+00 
       3.447850440363e-01       3.163962591293e+00 
       3.488266609418e-01       4.874811715375e+00 
       3.528682786316e-01       5.894436224981e+00 
       3.569098970790e-01       5.909261853350e+00 
       3.609515162583e-01       4.966426135892e+00 
       3.649931361452e-01       3.419633478528e+00 
       3.690347567162e-01       1.781670187852e+00 
       3.730763779489e-01       5.412155643642e-01 
       3.771179998221e-01       1.132021089398e-02 
       3.811596223152e-01       2.491158345107e-01 
       3.852012454085e-01       1.064033348532e+00 
       3.892428690834e-01       2.101831069074e+00 
       3.932844933218e-01       2.974663953379e+00 
       3.973261181064e-01       3.387891850813e+00 
       4.013677434206e-01       3.228037205632e+00 
       4.054093692484e-01       2.576792421704e+00 
       4.094509955748e-01       1.664351435659e+00 
       4.134926223848e-01       7.812627968493e-01 
       4.175342496644e-01       1.805698469236e-01 
       4.215758774001e-01       2.089517546207e-03 
       4.256175055788e-01       2.381753834723e-01 
       4.296591341879e-01       7.506729418054e-01 
       4.337007632154e-01       1.328799598420e+00 
       4.377423926496e-01       1.764194931880e+00 
       4.417840224792e-01       1.916824541798e+00 
       4.458256526935e-01       1.751032514876e+00 
       4.498672832821e-01       1.335603360862e+00 
       4.539089142349e-01       8.118699669797e-01 
       4.579505455423e-01       3.422567456493e-01 
       4.619921771949e-01       5.625607630743e-02 
       4.660338091836e-01       1.251455198553e-02 
       4.700754414998e-01       1.877192153535e-01 
       4.741170741351e-01       4.929541553234e-01 
       4.781587070813e-01       8.088116665425e-01 
       4.822003403305e-01       1.025251702549e+00 
       4.862419738753e-01       1.074964313301e+00 
       4.902836077082e-01       9.499202719457e-01 
       4.943252418222e-01       6.983709818686e-01 
       4.983668762104e-01       4.038061268110e-01 
       5.024085108661e-01       1.550775996329e-01 
       5.064501457830e-01       1.759968191678e-02 
       5.104917809547e-01       1.579786292835e-02 
       5.145334163753e-01       1.299680781382e-01 
       5.185750520389e-01       3.068254135318e-01 
       5.226166879399e-01       4.790628892599e-01 
       5.266583240727e-01       5.876749883437e-01 
       5.306999604321e-01       5.999335691220e-01 
       5.347415970130e-01       5.169203625005e-01 
       5.387832338102e-01       3.694169810835e-01 
       5.428248708189e-01       2.052547814202e-01 
       5.468665080345e-01       7.260998933426e-02 
       5.509081454524e-01       5.376452464221e-03 
       5.549497830681e-01       1.411080860745e-02 
       5.589914208773e-01       8.488258665284e-02 
       5.630330588759e-01       1.859332831753e-01 
       5.670746970598e-01       2.795659083599e-01 
       5.711163354250e-01       3.344785490359e-01 
       5.751579739677e-01       3.348340477283e-01 
       5.791996126842e-01       2.833032128477e-01 
       5.832412515708e-01       1.982863031281e-01 
       5.872828906241e-01       1.067609134657e-01 
       6.102016824202e-01       1.449230443336e-01 
       6.347544520656e-01       2.592480236185e-02 
       6.612446579459e-01       1.071856852894e-01 
       6.900771312847e-01       8.875480680899e-03 
       7.218076445434e-01       1.318965685677e-02 
       7.572258733921e-01       2.640337489027e-02 
       7.975016352404e-01       1.779520014300e-02 
       8.444589090377e-01       9.079631832096e-03 
       9.011272118935e-01       1.093759353486e-03 
       9.729422607708e-01       1.598382638373e-03 
       1.070550984709e+00       4.014887357425e-04 
       1.216244332801e+00       1.970392368188e-05 
       1.451792577069e+00       3.947457581268e-08 
       1.809172789810e+00       3.799642486271e-09 
