# Rescaled matter transfer functions [-T_i(k)/k^2] for adiabatic (AD) mode (normalized to initial curvature=1) at redshift z=0
# for k=7.75386e-06 to 1.63211 h/Mpc,
# number of wavenumbers equal to 556
# T_i   stands for (delta rho_i/rho_i)(k,z) with above normalization 
# The rescaling factor [-1/k^2] with k in 1/Mpc is here to match the CMBFAST/CAMB output convention
#
#
#    1:k (h/Mpc)              2:-T_cdm/k2              3:-T_b/k2                4:-T_g/k2                5:-T_ur/k2               6:-T_ncdm/k2             7:-T_tot/k2          
       7.753863804827e-06       6.674512254704e+10       6.674512254438e+10       8.899346520660e+10       8.899346432729e+10       0.000000000000e+00       6.675931072390e+10 
       1.856717941020e-05       1.166929298473e+10       1.166929297854e+10       1.555891166744e+10       1.555890785574e+10       0.000000000000e+00       1.167177346333e+10 
       2.940539212795e-05       4.673750727981e+09       4.673750710169e+09       6.231300301199e+09       6.231290699012e+09       0.000000000000e+00       4.674743998098e+09 
       4.028903453577e-05       2.506254596998e+09       2.506254562883e+09       3.340982870091e+09       3.340964879704e+09       0.000000000000e+00       2.506786903501e+09 
       5.123886720149e-05       1.563043712900e+09       1.563043657403e+09       2.082945445065e+09       2.082916483139e+09       0.000000000000e+00       1.563375239340e+09 
       6.227600928128e-05       1.069553078905e+09       1.069552996721e+09       1.424433469323e+09       1.424390994757e+09       0.000000000000e+00       1.069779356536e+09 
       7.342207198469e-05       7.793933851529e+08       7.793932711386e+08       1.036929541408e+09       1.036871064732e+09       0.000000000000e+00       7.795575706964e+08 
       8.469929618955e-05       5.944630998992e+08       5.944629489382e+08       7.896295746012e+08       7.895526581373e+08       0.000000000000e+00       5.945874950761e+08 
       9.613069549933e-05       4.694024355967e+08       4.694022424384e+08       6.220535429516e+08       6.219557973010e+08       0.000000000000e+00       4.694996996451e+08 
       1.077402060497e-04       3.809036995978e+08       3.809034593272e+08       5.031245136250e+08       5.030036432826e+08       0.000000000000e+00       3.809815372950e+08 
       1.195528443845e-04       3.159958050427e+08       3.159955089659e+08       4.155446882055e+08       4.153983892564e+08       0.000000000000e+00       3.160591607881e+08 
       1.315948747309e-04       2.669841080570e+08       2.669837494941e+08       3.490579341247e+08       3.488841374938e+08       0.000000000000e+00       2.670362934168e+08 
       1.438939870015e-04       2.290789596475e+08       2.290785342810e+08       2.972762976698e+08       2.970730626657e+08       0.000000000000e+00       2.291222676732e+08 
       1.564794868327e-04       1.991672639459e+08       1.991667630139e+08       2.560498895358e+08       2.558154202831e+08       0.000000000000e+00       1.992033251896e+08 
       1.693824989129e-04       1.751561824000e+08       1.751556026397e+08       2.225891076753e+08       2.223218812318e+08       0.000000000000e+00       1.751861848223e+08 
       1.826361847652e-04       1.555959537090e+08       1.555952852916e+08       1.949634173672e+08       1.946621364141e+08       0.000000000000e+00       1.556207767299e+08 
       1.962759759862e-04       1.394570110329e+08       1.394562484701e+08       1.718028621561e+08       1.714665968008e+08       0.000000000000e+00       1.394773184184e+08 
       2.103398237027e-04       1.259918997809e+08       1.259910316054e+08       1.521147601352e+08       1.517429275223e+08       0.000000000000e+00       1.260081971791e+08 
       2.248684646451e-04       1.146470080725e+08       1.146460259069e+08       1.351667606449e+08       1.347592808553e+08       0.000000000000e+00       1.146596882194e+08 
       2.399057037287e-04       1.050051079670e+08       1.050040041454e+08       1.204104974344e+08       1.199678598730e+08       0.000000000000e+00       1.050144803346e+08 
       2.554987123222e-04       9.674753756369e+07       9.674630291300e+07       1.074306383398e+08       1.069539722072e+08       0.000000000000e+00       9.675384968307e+07 
       2.716983404247e-04       8.962704108411e+07       8.962566619644e+07       9.590984922557e+07       9.540103509602e+07       0.000000000000e+00       8.963049592041e+07 
       2.885594396973e-04       8.344958301823e+07       8.344805836036e+07       8.560405521048e+07       8.506582522167e+07       0.000000000000e+00       8.345035180941e+07 
       3.061411926364e-04       7.806099748448e+07       7.805931328189e+07       7.632587248914e+07       7.576190267230e+07       0.000000000000e+00       7.805923045738e+07 
       3.245074410566e-04       7.333770426435e+07       7.333585045385e+07       6.793187360003e+07       6.734688115868e+07       0.000000000000e+00       7.333353917237e+07 
       3.437270043903e-04       6.917961574548e+07       6.917758244063e+07       6.031317596775e+07       5.971298674365e+07       0.000000000000e+00       6.917318507627e+07 
       3.638739750607e-04       6.550493049178e+07       6.550270850934e+07       5.338810590712e+07       5.277967205707e+07       0.000000000000e+00       6.549636732255e+07 
       3.850279742860e-04       6.224633280480e+07       6.224391221511e+07       4.709804662347e+07       4.648946957356e+07       0.000000000000e+00       6.223577583235e+07 
       4.072743471635e-04       5.934792308541e+07       5.934529584000e+07       4.140058914508e+07       4.080097084890e+07       0.000000000000e+00       5.933552044414e+07 
       4.307042708504e-04       5.676298829852e+07       5.676014693608e+07       3.626648399644e+07       3.568576637780e+07       0.000000000000e+00       5.674889965773e+07 
       4.554147443325e-04       5.445214410313e+07       5.444908060145e+07       3.167465297067e+07       3.112328662464e+07       0.000000000000e+00       5.443654076790e+07 
       4.815084230721e-04       5.238210673121e+07       5.237882102278e+07       2.760829866432e+07       2.709676573599e+07       0.000000000000e+00       5.236517295357e+07 
       5.090932573759e-04       5.052442572726e+07       5.052091792796e+07       2.404991390393e+07       2.358813248154e+07       0.000000000000e+00       5.050635264680e+07 
       5.382818905460e-04       4.885459424963e+07       4.885085914604e+07       2.097687699202e+07       2.057345354712e+07       0.000000000000e+00       4.883557224141e+07 
       5.691907729658e-04       4.735158530473e+07       4.734762991784e+07       1.835746795424e+07       1.801883451938e+07       0.000000000000e+00       4.733180108746e+07 
       6.019389526475e-04       4.599706926818e+07       4.599290676644e+07       1.614769401729e+07       1.587729249171e+07       0.000000000000e+00       4.597669428908e+07 
       6.366465129622e-04       4.477483428066e+07       4.477047274377e+07       1.429020921827e+07       1.408779687665e+07       0.000000000000e+00       4.475401124280e+07 
       6.734326456057e-04       4.367083117427e+07       4.366628915018e+07       1.271659387391e+07       1.257786297127e+07       0.000000000000e+00       4.364967023897e+07 
       7.124133720730e-04       4.267241412947e+07       4.266771140717e+07       1.135275547682e+07       1.126946207900e+07       0.000000000000e+00       4.265098562427e+07 
       7.536989596679e-04       4.176851689811e+07       4.176368677357e+07       1.012847222796e+07       1.008918900743e+07       0.000000000000e+00       4.174685671358e+07 
       7.973911163748e-04       4.094881429896e+07       4.094387519983e+07       8.988512905391e+06       8.980000369946e+06       0.000000000000e+00       4.092692468297e+07 
       8.435800888618e-04       4.020441896966e+07       4.019940289467e+07       7.903412262672e+06       7.912449240293e+06       0.000000000000e+00       4.018229318921e+07 
       8.923418236702e-04       3.952712527212e+07       3.952206520924e+07       6.874414267287e+06       6.889643320512e+06       0.000000000000e+00       3.950476340798e+07 
       9.437353762849e-04       3.890941924958e+07       3.890434173490e+07       5.929384452131e+06       5.942670015521e+06       0.000000000000e+00       3.888684281792e+07 
       9.978007594598e-04       3.834456305143e+07       3.833949236013e+07       5.108023932147e+06       5.114883646660e+06       0.000000000000e+00       3.832182344676e+07 
       1.054557406006e-03       3.782644784463e+07       3.782140388112e+07       4.440030519886e+06       4.439020410105e+06       0.000000000000e+00       3.780361875587e+07 
       1.114003381099e-03       3.734952347256e+07       3.734451834601e+07       3.925476472384e+06       3.916925258196e+06       0.000000000000e+00       3.732668025996e+07 
       1.176115418656e-03       3.690855885565e+07       3.690358788635e+07       3.528552097422e+06       3.513397309576e+06       0.000000000000e+00       3.688575241946e+07 
       1.240849783726e-03       3.649935810718e+07       3.649442402161e+07       3.191286034595e+06       3.170693798197e+06       0.000000000000e+00       3.647660737146e+07 
       1.308143889286e-03       3.611769668204e+07       3.611278375430e+07       2.861953991753e+06       2.837778524987e+06       0.000000000000e+00       3.609498483348e+07 
       1.377918532921e-03       3.575999569511e+07       3.575508255136e+07       2.521908721064e+06       2.497262680600e+06       0.000000000000e+00       3.573729491737e+07 
       1.450080575706e-03       3.542311371862e+07       3.541817738544e+07       2.191537366282e+06       2.170460201655e+06       0.000000000000e+00       3.540041095397e+07 
       1.524525866798e-03       3.510426378904e+07       3.509928104980e+07       1.909121705632e+06       1.895005785015e+06       0.000000000000e+00       3.508157192720e+07 
       1.601142222593e-03       3.480102215661e+07       3.479597349048e+07       1.697177876391e+06       1.690863931016e+06       0.000000000000e+00       3.477837045320e+07 
       1.679812294082e-03       3.451113201491e+07       3.450599191409e+07       1.543102033690e+06       1.542206349814e+06       0.000000000000e+00       3.448854046109e+07 
       1.760416193363e-03       3.423294025505e+07       3.422770071316e+07       1.410645887462e+06       1.410908612787e+06       0.000000000000e+00       3.421041162619e+07 
       1.842833792545e-03       3.396474884499e+07       3.395939886516e+07       1.271690008863e+06       1.269399059165e+06       0.000000000000e+00       3.394226829822e+07 
       1.926946649085e-03       3.370537039823e+07       3.369991506273e+07       1.128397305274e+06       1.121938777372e+06       0.000000000000e+00       3.368293067621e+07 
       2.012639546557e-03       3.345353631116e+07       3.344797437638e+07       1.004630312651e+06       9.941382568761e+05       0.000000000000e+00       3.343114471046e+07 
       2.099801666549e-03       3.320833415079e+07       3.320267156613e+07       9.166329102092e+05       9.027014988038e+05       0.000000000000e+00       3.318601122169e+07 
       2.188327425522e-03       3.296891188872e+07       3.296315174435e+07       8.542507743575e+05       8.375000902836e+05       0.000000000000e+00       3.294667138434e+07 
       2.278117020721e-03       3.273465875788e+07       3.272880499437e+07       7.920478154408e+05       7.739562550161e+05       0.000000000000e+00       3.271249908288e+07 
       2.369076733192e-03       3.250491563557e+07       3.249896551304e+07       7.164294526416e+05       6.993248209273e+05       0.000000000000e+00       3.248282513032e+07 
       2.461119035384e-03       3.227923980194e+07       3.227318857665e+07       6.377478258225e+05       6.136331852033e+05       0.000000000000e+00       3.225721038767e+07 
       2.554162547145e-03       3.205727703284e+07       3.205111868255e+07       5.749732298464e+05       5.339923278918e+05       0.000000000000e+00       3.203531207977e+07 
       2.648131878701e-03       3.183858098927e+07       3.183230102055e+07       5.328153121717e+05       4.797960833689e+05       0.000000000000e+00       3.181668840230e+07 
       2.742957393245e-03       3.162291969397e+07       3.161650552251e+07       4.983892792977e+05       4.450189370337e+05       0.000000000000e+00       3.160110167974e+07 
       2.838574915854e-03       3.141010931543e+07       3.140355278484e+07       4.589572206376e+05       4.105055852235e+05       0.000000000000e+00       3.138835975107e+07 
       2.934925409984e-03       3.119987059180e+07       3.119315956074e+07       4.167407039929e+05       3.704349261424e+05       0.000000000000e+00       3.117818163717e+07 
       3.031954637928e-03       3.099205762446e+07       3.098518299119e+07       3.828622626278e+05       3.352623982626e+05       0.000000000000e+00       3.097042937821e+07 
       3.129612817583e-03       3.078657955806e+07       3.077953881151e+07       3.605703096113e+05       3.126363232680e+05       0.000000000000e+00       3.076501740489e+07 
       3.227854284459e-03       3.058323020762e+07       3.057601729743e+07       3.407778612106e+05       2.962262912500e+05       0.000000000000e+00       3.056173350864e+07 
       3.326637165201e-03       3.038196478513e+07       3.037457951843e+07       3.148476892389e+05       2.759748612644e+05       0.000000000000e+00       3.036052883725e+07 
       3.425923066781e-03       3.018273626677e+07       3.017517581571e+07       2.861900502243e+05       2.520560290417e+05       0.000000000000e+00       3.016135692445e+07 
       3.525676783882e-03       2.998530643475e+07       2.997756789687e+07       2.302782460584e+05       2.296316442827e+05       0.000000000000e+00       2.996397178226e+07 
       3.625866025818e-03       2.978981047131e+07       2.978189189810e+07       2.164132515620e+05       2.158055835656e+05       0.000000000000e+00       2.976853677319e+07 
       3.726461163419e-03       2.959605176952e+07       2.958794260566e+07       2.036457483425e+05       2.030739304766e+05       0.000000000000e+00       2.957483539911e+07 
       3.827434995688e-03       2.940409123142e+07       2.939578690240e+07       1.918703460333e+05       1.913315926571e+05       0.000000000000e+00       2.938293027937e+07 
       3.928762535625e-03       2.921387077926e+07       2.920536282618e+07       1.809927237414e+05       1.804845141959e+05       0.000000000000e+00       2.919276212899e+07 
       4.030420814284e-03       2.902527111665e+07       2.901655094619e+07       1.709286992194e+05       1.704487492066e+05       0.000000000000e+00       2.900421163307e+07 
       4.132388702005e-03       2.883831809973e+07       2.882937796350e+07       1.616042722993e+05       1.611505059351e+05       0.000000000000e+00       2.881730484171e+07 
       4.234646745641e-03       2.865310816322e+07       2.864394486586e+07       1.529518425677e+05       1.525223688566e+05       0.000000000000e+00       2.863213947308e+07 
       4.337177020579e-03       2.846935585054e+07       2.845996042522e+07       1.449125891655e+05       1.445056891310e+05       0.000000000000e+00       2.844842845569e+07 
       4.439962996367e-03       2.828717765789e+07       2.827754494398e+07       1.374329804064e+05       1.370470827206e+05       0.000000000000e+00       2.826628933772e+07 
       4.542989414797e-03       2.810654321671e+07       2.809667132509e+07       1.304649852055e+05       1.300986534355e+05       0.000000000000e+00       2.808569273673e+07 
       4.646242179336e-03       2.792743640115e+07       2.791732146126e+07       1.239653150575e+05       1.236172341660e+05       0.000000000000e+00       2.790662190550e+07 
       4.749708254895e-03       2.774979365565e+07       2.773943169291e+07       1.178949327656e+05       1.175638973644e+05       0.000000000000e+00       2.772901327244e+07 
       4.853375576958e-03       2.757358893702e+07       2.756297456876e+07       1.122187206562e+05       1.119036239727e+05       0.000000000000e+00       2.755284035932e+07 
       4.957232969200e-03       2.739883240026e+07       2.738795973527e+07       1.069050339335e+05       1.066048579543e+05       0.000000000000e+00       2.737811313948e+07 
       5.061270068787e-03       2.722557762660e+07       2.721444256934e+07       1.019254810896e+05       1.016392876004e+05       0.000000000000e+00       2.720488568931e+07 
       5.165477258606e-03       2.705365319653e+07       2.704224870888e+07       9.725337070915e+04       9.698029609343e+04       0.000000000000e+00       2.703298578457e+07 
       5.269845605765e-03       2.688321271396e+07       2.687153314218e+07       9.286594873996e+04       9.260519363093e+04       0.000000000000e+00       2.686256733874e+07 
       5.374366805750e-03       2.671404459719e+07       2.670208261030e+07       8.874110118344e+04       8.849192880509e+04       0.000000000000e+00       2.669341837965e+07 
       5.479033131687e-03       2.654623976177e+07       2.653399021234e+07       8.485879251629e+04       8.462052099570e+04       0.000000000000e+00       2.652563041777e+07 
       5.583837388215e-03       2.637980314364e+07       2.636726177481e+07       8.120180744338e+04       8.097380400692e+04       0.000000000000e+00       2.635920864644e+07 
       5.688772869513e-03       2.621471449319e+07       2.620187671032e+07       7.775428865779e+04       7.753596569958e+04       0.000000000000e+00       2.619413271588e+07 
       5.793833321090e-03       2.605091880401e+07       2.603778082968e+07       7.450064751331e+04       7.429146034418e+04       0.000000000000e+00       2.603034789397e+07 
       5.899012904967e-03       2.588842472347e+07       2.587498309029e+07       7.142746962170e+04       7.122691141431e+04       0.000000000000e+00       2.586786290853e+07 
       6.004306167925e-03       2.572720174516e+07       2.571345425948e+07       6.852307936944e+04       6.833067761457e+04       0.000000000000e+00       2.570664765348e+07 
       6.109708012524e-03       2.556648459459e+07       2.555242392734e+07       6.577170316061e+04       6.558702649437e+04       0.000000000000e+00       2.554593576673e+07 
       6.215213670630e-03       2.540767352668e+07       2.539329727045e+07       6.316927281648e+04       6.299190382696e+04       0.000000000000e+00       2.538712810806e+07 
       6.320818679219e-03       2.525019499462e+07       2.523550031585e+07       6.070301607280e+04       6.053257175265e+04       0.000000000000e+00       2.522965135837e+07 
       6.426518858230e-03       2.509381389527e+07       2.507879218976e+07       5.836413923729e+04       5.820026232293e+04       0.000000000000e+00       2.507326879961e+07 
       6.532310290288e-03       2.493868612904e+07       2.492333619877e+07       5.614428006169e+04       5.598663591239e+04       0.000000000000e+00       2.491813848528e+07 
       6.638189302118e-03       2.478461957505e+07       2.476893272562e+07       5.403608797085e+04       5.388436357401e+04       0.000000000000e+00       2.476406612702e+07 
       6.744152447495e-03       2.463185914044e+07       2.461583560401e+07       5.203242773096e+04       5.188632900481e+04       0.000000000000e+00       2.461129919256e+07 
       6.850196491592e-03       2.448016836626e+07       2.446380116520e+07       5.012688518900e+04       4.998613694818e+04       0.000000000000e+00       2.445959917169e+07 
       6.956318396591e-03       2.432960624199e+07       2.431289286603e+07       4.831364360195e+04       4.817798704143e+04       0.000000000000e+00       2.430902637450e+07 
       7.062515308461e-03       2.418014161826e+07       2.416307731289e+07       4.658659668135e+04       4.645578934770e+04       0.000000000000e+00       2.415954898341e+07 
       7.168784544777e-03       2.403179529098e+07       2.401437682484e+07       4.494095423935e+04       4.481476773900e+04       0.000000000000e+00       2.401118824237e+07 
       7.275123583510e-03       2.388453347169e+07       2.386675735290e+07       4.337183989147e+04       4.325005916490e+04       0.000000000000e+00       2.386391030191e+07 
       7.381530052682e-03       2.373831598087e+07       2.372017781695e+07       4.187481532076e+04       4.175723801728e+04       0.000000000000e+00       2.371767473077e+07 
       7.488001720832e-03       2.359315684624e+07       2.357465273573e+07       4.044588972789e+04       4.033232473092e+04       0.000000000000e+00       2.357249569489e+07 
       7.594536488205e-03       2.344903610894e+07       2.343016227459e+07       3.908071241028e+04       3.897098037185e+04       0.000000000000e+00       2.342835328321e+07 
       7.701132378614e-03       2.330590847210e+07       2.328666035372e+07       3.777617784741e+04       3.767010881739e+04       0.000000000000e+00       2.328520198709e+07 
       7.807787531916e-03       2.316382545010e+07       2.314420037493e+07       3.652872100921e+04       3.642615457385e+04       0.000000000000e+00       2.314309386118e+07 
       7.914500197047e-03       2.302272063072e+07       2.300271448530e+07       3.533526717047e+04       3.523605176497e+04       0.000000000000e+00       2.300196209445e+07 
       8.021268725573e-03       2.288258189135e+07       2.286219074196e+07       3.419287059120e+04       3.409686288657e+04       0.000000000000e+00       2.286179462495e+07 
       8.128091565715e-03       2.274342026303e+07       2.272264145488e+07       3.309883119870e+04       3.300589544753e+04       0.000000000000e+00       2.272260286485e+07 
       8.234967256810e-03       2.260523557746e+07       2.258406651558e+07       3.205063063435e+04       3.196063818400e+04       0.000000000000e+00       2.258438666257e+07 
       8.341894424167e-03       2.246805842096e+07       2.244649783722e+07       3.104585760381e+04       3.095868657719e+04       0.000000000000e+00       2.244717698792e+07 
       8.448871774298e-03       2.233177258271e+07       2.230981705136e+07       3.008199486149e+04       2.999753007671e+04       0.000000000000e+00       2.231085704479e+07 
       8.555898090482e-03       2.219642668195e+07       2.217407436321e+07       2.915712326850e+04       2.907525506518e+04       0.000000000000e+00       2.217547590370e+07 
       8.662972228642e-03       2.206193050198e+07       2.203917894231e+07       2.826948427573e+04       2.819010864334e+04       0.000000000000e+00       2.204094321726e+07 
       8.770093113518e-03       2.192858675243e+07       2.190543513551e+07       2.741659733951e+04       2.733961533684e+04       0.000000000000e+00       2.190756199959e+07 
       8.877259735096e-03       2.179591591896e+07       2.177236303387e+07       2.659754049213e+04       2.652285836474e+04       0.000000000000e+00       2.177485292126e+07 
       8.984471145293e-03       2.166411349003e+07       2.164015861096e+07       2.581030017777e+04       2.573782857090e+04       0.000000000000e+00       2.164301149266e+07 
       9.091726454861e-03       2.153315793283e+07       2.150879777766e+07       2.505343540520e+04       2.498308972107e+04       0.000000000000e+00       2.151201541451e+07 
       9.199024830507e-03       2.140216809061e+07       2.137738832844e+07       2.432407331205e+04       2.425577569786e+04       0.000000000000e+00       2.138098072182e+07 
       9.306365492211e-03       2.127287700606e+07       2.124767216793e+07       2.362316512100e+04       2.355683556055e+04       0.000000000000e+00       2.125164205435e+07 
       9.413747710720e-03       2.114435457575e+07       2.111872432099e+07       2.294830274923e+04       2.288386810822e+04       0.000000000000e+00       2.112307146366e+07 
       9.521170805214e-03       2.101756131598e+07       2.099150122769e+07       2.229948686531e+04       2.223687434573e+04       0.000000000000e+00       2.099622761086e+07 
       9.628634141123e-03       2.089056764010e+07       2.086405803507e+07       2.167304196198e+04       2.161218808325e+04       0.000000000000e+00       2.086917748343e+07 
       9.736137128101e-03       2.076401954544e+07       2.073710138823e+07       2.106900666033e+04       2.100984878047e+04       0.000000000000e+00       2.074258515569e+07 
       9.843679218121e-03       2.063848566236e+07       2.061113817322e+07       2.048691957657e+04       2.042939612834e+04       0.000000000000e+00       2.061700007188e+07 
       9.951259903705e-03       2.051396907776e+07       2.048619233507e+07       1.992570391870e+04       1.986975622548e+04       0.000000000000e+00       2.049243167498e+07 
       1.005887871627e-02       2.039024230110e+07       2.036203548381e+07       1.938426187892e+04       1.932983441242e+04       0.000000000000e+00       2.036865234463e+07 
       1.016653522459e-02       2.026724253985e+07       2.023860576084e+07       1.886180052395e+04       1.880884018710e+04       0.000000000000e+00       2.024559961257e+07 
       1.027422903333e-02       2.014527270677e+07       2.011616299746e+07       1.835753533601e+04       1.830599090216e+04       0.000000000000e+00       2.012356306415e+07 
       1.038195978174e-02       2.002393285629e+07       1.999438514101e+07       1.787049358449e+04       1.782031663568e+04       0.000000000000e+00       2.000216675451e+07 
       1.048972714235e-02       1.990324944776e+07       1.987325996635e+07       1.739999271475e+04       1.735113705498e+04       0.000000000000e+00       1.988142533242e+07 
       1.059753081982e-02       1.978330403498e+07       1.975288361459e+07       1.694517679179e+04       1.689759796616e+04       0.000000000000e+00       1.976142474618e+07 
       1.070537054986e-02       1.966389722066e+07       1.963308077240e+07       1.650549282385e+04       1.645914858949e+04       0.000000000000e+00       1.964197306750e+07 
       1.081324609818e-02       1.954523547470e+07       1.951392623745e+07       1.608033587851e+04       1.603518546674e+04       0.000000000000e+00       1.952323649288e+07 
       1.092115725956e-02       1.942716774642e+07       1.939540253071e+07       1.566897382908e+04       1.562497837833e+04       0.000000000000e+00       1.940510478790e+07 
       1.102910385693e-02       1.930983127523e+07       1.927761311213e+07       1.527112864032e+04       1.522825035159e+04       0.000000000000e+00       1.928770480633e+07 
       1.113708574059e-02       1.919316899182e+07       1.916049755696e+07       1.488603917258e+04       1.484424214302e+04       0.000000000000e+00       1.917097849183e+07 
       1.124510278739e-02       1.907721334084e+07       1.904408504749e+07       1.451324862634e+04       1.447249822936e+04       0.000000000000e+00       1.905495727354e+07 
       1.135315490007e-02       1.896196176643e+07       1.892837943140e+07       1.415241324573e+04       1.411267607731e+04       0.000000000000e+00       1.893964054914e+07 
       1.146124200653e-02       1.884752233782e+07       1.881351271635e+07       1.380290240427e+04       1.376414622919e+04       0.000000000000e+00       1.882514361638e+07 
       1.156936405929e-02       1.873352951606e+07       1.869906776622e+07       1.346426151290e+04       1.342645620526e+04       0.000000000000e+00       1.871108543933e+07 
       1.167752103484e-02       1.862016951785e+07       1.858524715179e+07       1.313609077642e+04       1.309920693387e+04       0.000000000000e+00       1.859765710135e+07 
       1.178571293318e-02       1.850745797645e+07       1.847206659269e+07       1.281800921945e+04       1.278201851687e+04       0.000000000000e+00       1.848487425182e+07 
       1.189393977730e-02       1.839536462701e+07       1.835949951195e+07       1.250961643913e+04       1.247449167478e+04       0.000000000000e+00       1.837270776920e+07 
       1.200220161273e-02       1.828391158175e+07       1.824757429516e+07       1.221056618301e+04       1.217628112541e+04       0.000000000000e+00       1.826118166389e+07 
       1.211049850714e-02       1.817311051759e+07       1.813630358727e+07       1.192049505551e+04       1.188702446863e+04       0.000000000000e+00       1.815030790024e+07 
       1.221883054998e-02       1.806294380922e+07       1.802567474549e+07       1.163908855999e+04       1.160640816643e+04       0.000000000000e+00       1.804007038294e+07 
       1.232719785209e-02       1.795280987430e+07       1.791509537360e+07       1.136573342074e+04       1.133382081599e+04       0.000000000000e+00       1.792987071336e+07 
       1.243560054544e-02       1.784371833663e+07       1.780555537690e+07       1.110060452192e+04       1.106943637761e+04       0.000000000000e+00       1.782071186021e+07 
       1.254403878282e-02       1.773519943806e+07       1.769658466825e+07       1.084321484299e+04       1.081276947342e+04       0.000000000000e+00       1.771212426431e+07 
       1.265251273758e-02       1.762727136021e+07       1.758819790315e+07       1.059319620664e+04       1.056345281247e+04       0.000000000000e+00       1.760412502051e+07 
       1.276102260345e-02       1.751998844416e+07       1.748044875222e+07       1.035042938518e+04       1.032136764746e+04       0.000000000000e+00       1.749676823073e+07 
       1.286956859430e-02       1.741327636492e+07       1.737326387774e+07       1.011457988071e+04       1.008618038110e+04       0.000000000000e+00       1.738997991815e+07 
       1.297815094397e-02       1.730712209483e+07       1.726663119621e+07       9.885398129015e+03       9.857642147342e+03       0.000000000000e+00       1.728374735110e+07 
       1.308676990616e-02       1.720150559629e+07       1.716053483313e+07       9.662641517242e+03       9.635511011217e+03       0.000000000000e+00       1.717805177377e+07 
       1.319542575426e-02       1.709651352247e+07       1.705507039777e+07       9.446140190541e+03       9.419617595344e+03       0.000000000000e+00       1.707298251427e+07 
       1.330411878127e-02       1.699203676689e+07       1.695012309695e+07       9.235574352978e+03       9.209642935123e+03       0.000000000000e+00       1.696842880189e+07 
       1.341284929973e-02       1.688811280033e+07       1.684573586924e+07       9.030838848191e+03       9.005482279915e+03       0.000000000000e+00       1.686442975032e+07 
       1.352161764163e-02       1.678522153675e+07       1.674242211528e+07       8.832040999066e+03       8.807242642802e+03       0.000000000000e+00       1.676147517623e+07 
       1.363042415842e-02       1.668194532714e+07       1.663866623310e+07       8.637996137586e+03       8.613742553108e+03       0.000000000000e+00       1.665811847219e+07 
       1.373926922094e-02       1.657982645410e+07       1.653609854227e+07       8.449653569578e+03       8.425928860746e+03       0.000000000000e+00       1.655592777662e+07 
       1.384815321946e-02       1.647815135663e+07       1.643395943255e+07       8.266236356526e+03       8.243026607444e+03       0.000000000000e+00       1.645417594460e+07 
       1.395707656368e-02       1.637658840259e+07       1.633191562326e+07       8.087551555512e+03       8.064843627500e+03       0.000000000000e+00       1.635253105279e+07 
       1.406603968277e-02       1.627636335127e+07       1.623121736850e+07       7.913867713839e+03       7.891647226587e+03       0.000000000000e+00       1.625222554639e+07 
       1.417504302544e-02       1.617609640393e+07       1.613048049991e+07       7.744578626114e+03       7.722833492404e+03       0.000000000000e+00       1.615187917410e+07 
       1.428408706001e-02       1.607615902714e+07       1.603007767014e+07       7.579658080410e+03       7.558376141153e+03       0.000000000000e+00       1.605186352715e+07 
       1.439317227448e-02       1.597695093600e+07       1.593042237868e+07       7.419087529193e+03       7.398256436450e+03       0.000000000000e+00       1.595258226801e+07 
       1.450229917667e-02       1.587837756450e+07       1.583139953428e+07       7.262684544002e+03       7.242292505601e+03       0.000000000000e+00       1.585393463357e+07 
       1.461146829431e-02       1.578046817247e+07       1.573303676548e+07       7.110441488355e+03       7.090476945819e+03       0.000000000000e+00       1.575594936770e+07 
       1.472068017523e-02       1.568238758240e+07       1.563449944034e+07       6.961730568683e+03       6.942183689795e+03       0.000000000000e+00       1.565779199141e+07 
       1.482993538748e-02       1.558556357711e+07       1.553720182138e+07       6.817099383579e+03       6.797958471585e+03       0.000000000000e+00       1.556088525557e+07 
       1.493923451949e-02       1.548883494939e+07       1.544001110299e+07       6.675977403780e+03       6.657232759369e+03       0.000000000000e+00       1.546407735161e+07 
       1.504857818030e-02       1.539252263167e+07       1.534324760307e+07       6.538397793763e+03       6.520039550900e+03       0.000000000000e+00       1.536768881993e+07 
       1.515796699977e-02       1.529676471968e+07       1.524703925790e+07       6.404236280490e+03       6.386254752587e+03       0.000000000000e+00       1.527185457096e+07 
       1.526740162874e-02       1.520173698556e+07       1.515157760318e+07       6.273435076629e+03       6.255820685372e+03       0.000000000000e+00       1.517675507033e+07 
       1.537688273933e-02       1.510686084942e+07       1.505625925133e+07       6.145795771443e+03       6.128539805179e+03       0.000000000000e+00       1.508180454420e+07 
       1.548641102516e-02       1.501249142106e+07       1.496144040753e+07       6.021266805786e+03       6.004360510772e+03       0.000000000000e+00       1.498735820979e+07 
       1.559598720164e-02       1.491863544550e+07       1.486712514536e+07       5.899781922215e+03       5.883216748085e+03       0.000000000000e+00       1.489342199339e+07 
       1.570561200623e-02       1.482520789289e+07       1.477323281951e+07       5.781219321419e+03       5.764987064027e+03       0.000000000000e+00       1.479991225594e+07 
       1.581528619874e-02       1.473227825970e+07       1.467983908216e+07       5.665520153816e+03       5.649612771156e+03       0.000000000000e+00       1.470690032617e+07 
       1.592501056168e-02       1.463981282003e+07       1.458691302116e+07       5.552588399298e+03       5.536998117246e+03       0.000000000000e+00       1.461435335743e+07 
       1.603478590056e-02       1.454784319657e+07       1.449449198358e+07       5.442356975048e+03       5.427076207180e+03       0.000000000000e+00       1.452230469732e+07 
       1.614461304423e-02       1.445634227313e+07       1.440254889574e+07       5.334732630352e+03       5.319754041570e+03       0.000000000000e+00       1.443072725984e+07 
       1.625449284527e-02       1.436516094087e+07       1.431093910026e+07       5.229609094752e+03       5.214925697504e+03       0.000000000000e+00       1.433947338824e+07 
       1.636442618036e-02       1.427448608012e+07       1.421984928578e+07       5.126956821785e+03       5.112561659105e+03       0.000000000000e+00       1.424872978521e+07 
       1.647441395067e-02       1.418434903146e+07       1.412929461427e+07       5.026731509732e+03       5.012617765359e+03       0.000000000000e+00       1.415852283914e+07 
       1.658445708227e-02       1.409466524162e+07       1.403919168048e+07       4.928823017822e+03       4.914984171627e+03       0.000000000000e+00       1.406876840060e+07 
       1.669455652658e-02       1.400551413375e+07       1.394960533871e+07       4.833239920575e+03       4.819669469909e+03       0.000000000000e+00       1.397954140065e+07 
       1.680471326078e-02       1.391674150602e+07       1.386039721914e+07       4.739782601950e+03       4.726474575352e+03       0.000000000000e+00       1.389069256221e+07 
       1.691492828831e-02       1.382840536448e+07       1.377161899593e+07       4.648456622380e+03       4.635405014877e+03       0.000000000000e+00       1.380227792399e+07 
       1.702520263934e-02       1.374050491101e+07       1.368327614132e+07       4.559204047120e+03       4.546403039320e+03       0.000000000000e+00       1.371429859993e+07 
       1.713553737126e-02       1.365301825474e+07       1.359535137620e+07       4.471962575926e+03       4.459406522900e+03       0.000000000000e+00       1.362673411900e+07 
       1.724593356922e-02       1.356597087540e+07       1.350787597343e+07       4.386687603447e+03       4.374370985626e+03       0.000000000000e+00       1.353961171074e+07 
       1.735639234663e-02       1.347941937314e+07       1.342090598824e+07       4.303342263782e+03       4.291259658403e+03       0.000000000000e+00       1.345298777305e+07 
       1.746691484575e-02       1.339314385625e+07       1.333422648338e+07       4.221835072744e+03       4.209981382964e+03       0.000000000000e+00       1.336664406481e+07 
       1.757750223826e-02       1.330740224640e+07       1.324808461834e+07       4.142127859056e+03       4.130497955948e+03       0.000000000000e+00       1.328083506223e+07 
       1.768815572583e-02       1.322174918764e+07       1.316203522591e+07       4.064073783359e+03       4.052663051100e+03       0.000000000000e+00       1.319511575084e+07 
       1.779887654077e-02       1.313676880428e+07       1.307664904498e+07       3.987789069552e+03       3.976592485940e+03       0.000000000000e+00       1.311006580185e+07 
       1.790966594666e-02       1.305228853002e+07       1.299175853630e+07       3.913237587721e+03       3.902250366509e+03       0.000000000000e+00       1.302551429152e+07 
       1.802052523897e-02       1.296822425668e+07       1.290728115675e+07       3.840290922878e+03       3.829508527616e+03       0.000000000000e+00       1.294137764236e+07 
       1.813145574578e-02       1.288458312717e+07       1.282322791906e+07       3.768931548469e+03       3.758349541362e+03       0.000000000000e+00       1.285766417246e+07 
       1.824245882849e-02       1.280134182316e+07       1.273957860461e+07       3.699101476330e+03       3.688715550970e+03       0.000000000000e+00       1.277435152328e+07 
       1.835353588251e-02       1.271854839031e+07       1.265638567998e+07       3.630755655655e+03       3.620561607184e+03       0.000000000000e+00       1.269148905757e+07 
       1.846468833802e-02       1.263614848600e+07       1.257359445177e+07       3.563875991385e+03       3.553869720851e+03       0.000000000000e+00       1.260902236041e+07 
       1.857591766076e-02       1.255418040562e+07       1.249124273383e+07       3.498424549570e+03       3.488602046599e+03       0.000000000000e+00       1.252698955595e+07 
       1.868722535282e-02       1.247275777993e+07       1.240944520419e+07       3.434404281191e+03       3.424761532568e+03       0.000000000000e+00       1.244550452177e+07 
       1.879861295346e-02       1.239168867482e+07       1.232800002028e+07       3.371719710715e+03       3.362252967506e+03       0.000000000000e+00       1.236437242540e+07 
       1.891008203996e-02       1.231097501181e+07       1.224690776628e+07       3.310350965100e+03       3.301056563266e+03       0.000000000000e+00       1.228359477943e+07 
       1.902163422851e-02       1.223079538125e+07       1.216634750992e+07       3.250236621332e+03       3.241110945490e+03       0.000000000000e+00       1.220335020583e+07 
       1.913327117512e-02       1.215086697113e+07       1.208603851094e+07       3.191373254618e+03       3.182412857557e+03       0.000000000000e+00       1.212335670452e+07 
       1.924499457651e-02       1.207133446664e+07       1.200612847921e+07       3.133729577382e+03       3.124931039039e+03       0.000000000000e+00       1.204375979050e+07 
       1.935680617116e-02       1.199216976809e+07       1.192659101330e+07       3.077270199484e+03       3.068630202183e+03       0.000000000000e+00       1.196453189969e+07 
       1.946870774022e-02       1.191322784173e+07       1.184728130337e+07       3.021922148979e+03       3.013437564580e+03       0.000000000000e+00       1.188552815907e+07 
       1.958070110860e-02       1.183490257404e+07       1.176859621817e+07       2.967746353719e+03       2.959413869300e+03       0.000000000000e+00       1.180714311313e+07 
       1.969278814601e-02       1.175698958420e+07       1.169033486881e+07       2.914692680279e+03       2.906509157123e+03       0.000000000000e+00       1.172917357590e+07 
       1.980497076805e-02       1.167946671347e+07       1.161246492142e+07       2.862748150931e+03       2.854710526559e+03       0.000000000000e+00       1.165159430079e+07 
       1.991725093734e-02       1.160256823791e+07       1.153522698642e+07       2.811879847334e+03       2.803985028367e+03       0.000000000000e+00       1.157464134551e+07 
       2.002963066473e-02       1.152561174119e+07       1.145792066570e+07       2.761900928758e+03       2.754146429325e+03       0.000000000000e+00       1.149762724691e+07 
       2.014211201043e-02       1.144930518675e+07       1.138126799384e+07       2.713004560015e+03       2.705387343433e+03       0.000000000000e+00       1.142126380680e+07 
       2.025469708532e-02       1.137339355114e+07       1.130501405378e+07       2.665089026122e+03       2.657606339269e+03       0.000000000000e+00       1.134529619670e+07 
       2.036738805222e-02       1.129786521104e+07       1.122914920038e+07       2.618129163346e+03       2.610778330811e+03       0.000000000000e+00       1.126971340377e+07 
       2.048018712720e-02       1.122277073040e+07       1.115372528393e+07       2.572121015305e+03       2.564899376270e+03       0.000000000000e+00       1.119456635185e+07 
       2.059309658096e-02       1.114811294095e+07       1.107874212368e+07       2.527055056293e+03       2.519959988444e+03       0.000000000000e+00       1.111985695248e+07 
       2.070611874024e-02       1.107387416957e+07       1.100418500986e+07       2.482815718608e+03       2.475844812073e+03       0.000000000000e+00       1.104556844714e+07 
       2.081925598931e-02       1.099986167914e+07       1.092986128618e+07       2.439439734246e+03       2.432590613211e+03       0.000000000000e+00       1.097150824630e+07 
       2.093251077145e-02       1.092619769003e+07       1.085588523408e+07       2.396922952189e+03       2.390193226529e+03       0.000000000000e+00       1.089779607213e+07 
       2.104588559051e-02       1.085295274904e+07       1.078232762903e+07       2.355236804877e+03       2.348624155332e+03       0.000000000000e+00       1.082450249612e+07 
       2.115938301255e-02       1.078009788691e+07       1.070916081274e+07       2.314335548801e+03       2.307837702367e+03       0.000000000000e+00       1.075159896714e+07 
       2.127300566748e-02       1.070747512396e+07       1.063622753157e+07       2.274235063928e+03       2.267849867703e+03       0.000000000000e+00       1.067892782759e+07 
       2.138675625079e-02       1.063538295344e+07       1.056382760770e+07       2.234916019747e+03       2.228641230849e+03       0.000000000000e+00       1.060678778549e+07 
       2.150063752535e-02       1.056367937508e+07       1.049182095138e+07       2.196349434441e+03       2.190182932072e+03       0.000000000000e+00       1.053503751355e+07 
       2.161465232322e-02       1.049236139071e+07       1.042020618451e+07       2.158522599468e+03       2.152462305748e+03       0.000000000000e+00       1.046367450939e+07 
       2.172880354759e-02       1.042146126300e+07       1.034901540255e+07       2.121418600370e+03       2.115462468164e+03       0.000000000000e+00       1.039273096412e+07 
       2.184309417472e-02       1.035108372940e+07       1.027835636989e+07       2.085038196043e+03       2.079184172543e+03       0.000000000000e+00       1.032231247118e+07 
       2.195752725598e-02       1.028071741654e+07       1.020772058769e+07       2.049332419840e+03       2.043578720333e+03       0.000000000000e+00       1.025190885962e+07 
       2.207210592000e-02       1.021092852308e+07       1.013766728505e+07       2.014304940368e+03       2.008649591142e+03       0.000000000000e+00       1.018208384229e+07 
       2.218683337479e-02       1.014151896471e+07       1.006799890055e+07       1.979938663208e+03       1.974379808977e+03       0.000000000000e+00       1.011263962059e+07 
       2.230171291006e-02       1.007249701510e+07       9.998721548541e+06       1.946199812512e+03       1.940735659940e+03       0.000000000000e+00       1.004358380462e+07 
       2.241674789950e-02       1.000383487512e+07       9.929805385330e+06       1.913105664022e+03       1.907734430230e+03       0.000000000000e+00       9.974887989682e+06 
       2.253194180327e-02       9.935552234608e+06       9.861269582158e+06       1.880628830708e+03       1.875348781387e+03       0.000000000000e+00       9.906571694945e+06 
       2.264729817044e-02       9.867636682454e+06       9.793101466050e+06       1.848754908492e+03       1.843564352261e+03       0.000000000000e+00       9.838622437371e+06 
       2.276282064165e-02       9.800091966537e+06       9.725305741091e+06       1.817466733547e+03       1.812364018903e+03       0.000000000000e+00       9.771044253945e+06 
       2.287851295177e-02       9.732916666155e+06       9.657882502740e+06       1.786759528315e+03       1.781743029669e+03       0.000000000000e+00       9.703836187083e+06 
       2.299437893270e-02       9.666082482721e+06       9.590807000174e+06       1.756625990458e+03       1.751694120158e+03       0.000000000000e+00       9.636971037802e+06 
       2.311042251625e-02       9.599645627268e+06       9.524133188492e+06       1.727035584532e+03       1.722186790706e+03       0.000000000000e+00       9.570504293529e+06 
       2.322664773719e-02       9.533577287249e+06       9.457835611618e+06       1.697988093536e+03       1.693220853313e+03       0.000000000000e+00       9.504408183341e+06 
       2.334305873632e-02       9.467885493489e+06       9.391922364175e+06       1.669465347814e+03       1.664778177219e+03       0.000000000000e+00       9.438690752376e+06 
       2.345965976371e-02       9.402705230462e+06       9.326529422389e+06       1.641485677009e+03       1.636877056202e+03       0.000000000000e+00       9.373487201382e+06 
       2.357645518205e-02       9.337550201933e+06       9.261171392852e+06       1.613982718489e+03       1.609451341571e+03       0.000000000000e+00       9.308311819436e+06 
       2.369344947016e-02       9.272921983094e+06       9.196347499863e+06       1.586980723380e+03       1.582525146688e+03       0.000000000000e+00       9.243665145193e+06 
       2.381064722658e-02       9.208583169707e+06       9.131820705436e+06       1.560458103805e+03       1.556076995490e+03       0.000000000000e+00       9.179310037454e+06 
       2.392805317332e-02       9.144670877199e+06       9.067715602703e+06       1.534430322157e+03       1.530122301344e+03       0.000000000000e+00       9.115379706694e+06 
       2.404567215976e-02       9.081114137440e+06       9.003968597646e+06       1.508860064211e+03       1.504623837007e+03       0.000000000000e+00       9.051805478073e+06 
       2.416350916675e-02       9.017944851446e+06       8.940610925667e+06       1.483753256537e+03       1.479587523432e+03       0.000000000000e+00       8.988619029349e+06 
       2.428156931074e-02       8.955126192818e+06       8.877606474784e+06       1.459092272209e+03       1.454995782088e+03       0.000000000000e+00       8.925783775392e+06 
       2.439985784824e-02       8.892665763348e+06       8.814965023338e+06       1.434869297642e+03       1.430840820896e+03       0.000000000000e+00       8.863307976681e+06 
       2.451838018034e-02       8.830631612062e+06       8.752756521561e+06       1.411056723047e+03       1.407095047734e+03       0.000000000000e+00       8.801260218424e+06 
       2.463714185745e-02       8.768883809303e+06       8.690842365142e+06       1.387682873329e+03       1.383786826589e+03       0.000000000000e+00       8.739501064260e+06 
       2.475614858424e-02       8.707491335090e+06       8.629292274455e+06       1.364720789007e+03       1.360889214391e+03       0.000000000000e+00       8.678099675907e+06 
       2.487540622480e-02       8.646533011428e+06       8.568187166860e+06       1.342188134437e+03       1.338419860165e+03       0.000000000000e+00       8.617135463897e+06 
       2.499492080795e-02       8.585832859210e+06       8.507343101100e+06       1.320019967287e+03       1.316313934314e+03       0.000000000000e+00       8.556430133984e+06 
       2.511469853286e-02       8.525473784077e+06       8.446847910125e+06       1.298227772624e+03       1.294582892276e+03       0.000000000000e+00       8.496068041075e+06 
       2.523474577481e-02       8.465490518206e+06       8.386735466250e+06       1.276847496887e+03       1.273262688516e+03       0.000000000000e+00       8.436083633084e+06 
       2.535506909131e-02       8.405892318734e+06       8.327013246043e+06       1.255816922882e+03       1.252291155663e+03       0.000000000000e+00       8.376485618385e+06 
       2.547567522834e-02       8.346620676494e+06       8.267616832041e+06       1.235153705456e+03       1.231685951918e+03       0.000000000000e+00       8.317213723945e+06 
       2.559657112702e-02       8.287674117624e+06       8.208548105330e+06       1.214850682829e+03       1.211439941927e+03       0.000000000000e+00       8.258267499617e+06 
       2.571776393042e-02       8.229080369229e+06       8.149837014884e+06       1.194890669146e+03       1.191535968232e+03       0.000000000000e+00       8.199675332170e+06 
       2.583926099077e-02       8.170838468134e+06       8.091483628267e+06       1.175278163629e+03       1.171978538525e+03       0.000000000000e+00       8.141436573274e+06 
       2.596106987696e-02       8.112901197295e+06       8.033439623273e+06       1.155991880465e+03       1.152746399400e+03       0.000000000000e+00       8.083503699065e+06 
       2.608319838237e-02       8.055327143568e+06       7.975764533307e+06       1.137026029886e+03       1.133833767040e+03       0.000000000000e+00       8.025935547597e+06 
       2.620565453306e-02       7.998092115267e+06       7.918444981265e+06       1.118399748236e+03       1.115259804196e+03       0.000000000000e+00       7.968711239533e+06 
       2.632844659630e-02       7.941221880305e+06       7.861498062581e+06       1.100088051356e+03       1.096999519462e+03       0.000000000000e+00       7.911853882465e+06 
       2.645158308958e-02       7.884727447999e+06       7.804932640237e+06       1.082096271445e+03       1.079058260481e+03       0.000000000000e+00       7.855373824365e+06 
       2.657507278994e-02       7.828535150191e+06       7.748676040119e+06       1.064396996414e+03       1.061408681229e+03       0.000000000000e+00       7.799197747080e+06 
       2.669892474378e-02       7.772590926518e+06       7.692665353229e+06       1.046979139627e+03       1.044039723499e+03       0.000000000000e+00       7.743268927137e+06 
       2.682314827714e-02       7.717162334977e+06       7.637172193702e+06       1.029884128772e+03       1.026992708782e+03       0.000000000000e+00       7.687855988481e+06 
       2.694775300649e-02       7.662059462630e+06       7.582013962877e+06       1.013075233250e+03       1.010231016259e+03       0.000000000000e+00       7.632771369074e+06 
       2.707274884997e-02       7.607081279451e+06       7.526986539831e+06       9.965137701434e+02       9.937160467847e+02       0.000000000000e+00       7.577813224784e+06 
       2.719814603923e-02       7.552633466413e+06       7.472505347089e+06       9.802619507220e+02       9.775098575370e+02       0.000000000000e+00       7.523389947701e+06 
       2.732395513186e-02       7.498425692374e+06       7.418268238330e+06       9.642583868340e+02       9.615512216358e+02       0.000000000000e+00       7.469207789842e+06 
       2.745018702443e-02       7.444533304167e+06       7.364353177981e+06       9.485267105362e+02       9.458637255286e+02       0.000000000000e+00       7.415342848002e+06 
       2.757685296612e-02       7.391093238510e+06       7.310895192901e+06       9.330472999513e+02       9.304277364126e+02       0.000000000000e+00       7.361931389322e+06 
       2.770396457315e-02       7.337862627190e+06       7.257650295197e+06       9.178269365447e+02       9.152501094779e+02       0.000000000000e+00       7.308730359130e+06 
       2.783153384384e-02       7.284875560231e+06       7.204651863509e+06       9.028551642919e+02       9.003203984958e+02       0.000000000000e+00       7.255773608836e+06 
       2.795957317456e-02       7.232339029950e+06       7.152107820984e+06       8.881378418107e+02       8.856444058192e+02       0.000000000000e+00       7.203268282526e+06 
       2.808809537639e-02       7.180099317781e+06       7.099868195772e+06       8.736503301911e+02       8.711975686807e+02       0.000000000000e+00       7.151061901865e+06 
       2.821711369275e-02       7.128179695139e+06       7.047955875038e+06       8.593987249815e+02       8.569859763321e+02       0.000000000000e+00       7.099177606289e+06 
       2.834664181795e-02       7.076593229649e+06       6.996385909475e+06       8.453800399282e+02       8.430066503712e+02       0.000000000000e+00       7.047629059641e+06 
       2.847669391668e-02       7.025327642846e+06       6.945146957920e+06       8.315882882934e+02       8.292536204516e+02       0.000000000000e+00       6.996404277028e+06 
       2.860728464466e-02       6.974395462128e+06       6.894251670634e+06       8.180188684060e+02       8.157222967949e+02       0.000000000000e+00       6.945515815310e+06 
       2.873842917037e-02       6.923826308177e+06       6.843730354017e+06       8.046722096288e+02       8.024130928924e+02       0.000000000000e+00       6.894993485327e+06 
       2.887014319797e-02       6.873529825936e+06       6.793488195849e+06       7.915361498118e+02       7.893139128287e+02       0.000000000000e+00       6.844745630834e+06 
       2.900244299152e-02       6.823552030958e+06       6.743569673520e+06       7.786102966939e+02       7.764243495046e+02       0.000000000000e+00       6.794817769118e+06 
       2.913534540064e-02       6.773791209109e+06       6.693871285115e+06       7.658866105616e+02       7.637364063288e+02       0.000000000000e+00       6.745107705885e+06 
       2.926886788756e-02       6.724440508199e+06       6.644587178562e+06       7.533674355159e+02       7.512523777895e+02       0.000000000000e+00       6.695808770667e+06 
       2.940302855578e-02       6.675399661028e+06       6.595617931691e+06       7.410469725925e+02       7.389665050150e+02       0.000000000000e+00       6.646821017816e+06 
       2.953784618045e-02       6.626658085439e+06       6.546954542335e+06       7.289181291422e+02       7.268717123773e+02       0.000000000000e+00       6.598134353591e+06 
       2.967334024045e-02       6.578235204038e+06       6.498617692692e+06       7.169879086140e+02       7.149749952553e+02       0.000000000000e+00       6.549768572215e+06 
       2.980953095255e-02       6.530128114837e+06       6.450608557631e+06       7.052411484978e+02       7.032612155474e+02       0.000000000000e+00       6.501722016401e+06 
       2.994643930755e-02       6.482324837616e+06       6.402913548940e+06       6.936753690210e+02       6.917279064731e+02       0.000000000000e+00       6.453982223359e+06 
       3.008408710866e-02       6.434882697546e+06       6.355591136436e+06       6.822921313889e+02       6.803766096741e+02       0.000000000000e+00       6.406606830659e+06 
       3.022249701229e-02       6.387512007815e+06       6.308357594786e+06       6.710726770907e+02       6.691886721051e+02       0.000000000000e+00       6.359308153617e+06 
       3.036169257145e-02       6.340588419926e+06       6.261564902813e+06       6.600330433613e+02       6.581800298143e+02       0.000000000000e+00       6.312454387386e+06 
       3.050169828185e-02       6.293986097797e+06       6.215098740244e+06       6.491673149012e+02       6.473448079447e+02       0.000000000000e+00       6.265923286811e+06 
       3.064253963106e-02       6.247689764261e+06       6.168944524502e+06       6.384699480444e+02       6.366774755366e+02       0.000000000000e+00       6.219699796217e+06 
       3.078424315085e-02       6.201693280492e+06       6.123097891350e+06       6.279368308990e+02       6.261739325311e+02       0.000000000000e+00       6.173778321687e+06 
       3.092683647303e-02       6.156000100442e+06       6.077564031717e+06       6.175610436527e+02       6.158272722542e+02       0.000000000000e+00       6.128162844497e+06 
       3.107034838901e-02       6.110686886800e+06       6.032421296208e+06       6.073494195317e+02       6.056443123001e+02       0.000000000000e+00       6.082930493025e+06 
       3.121480891349e-02       6.065585543157e+06       5.987501747368e+06       5.972882386915e+02       5.956113782074e+02       0.000000000000e+00       6.037913326512e+06 
       3.136024935247e-02       6.020706754707e+06       5.942815007437e+06       5.873747267061e+02       5.857257019619e+02       0.000000000000e+00       5.993121699284e+06 
       3.150670237608e-02       5.976236066138e+06       5.898548587486e+06       5.776201906154e+02       5.759985545832e+02       0.000000000000e+00       5.948741637179e+06 
       3.165420209657e-02       5.932036919982e+06       5.854559292312e+06       5.680067889907e+02       5.664121405225e+02       0.000000000000e+00       5.904634646238e+06 
       3.180278415188e-02       5.888099042594e+06       5.810838226304e+06       5.585362729954e+02       5.569682173234e+02       0.000000000000e+00       5.860790879471e+06 
       3.195248579536e-02       5.844524884508e+06       5.767486605068e+06       5.492015918153e+02       5.476597254204e+02       0.000000000000e+00       5.817312345598e+06 
       3.210334599206e-02       5.801155108493e+06       5.724347028558e+06       5.400060260710e+02       5.384899772095e+02       0.000000000000e+00       5.774040399566e+06 
       3.225540552232e-02       5.758064211361e+06       5.681496659839e+06       5.309451846189e+02       5.294545758544e+02       0.000000000000e+00       5.731050303507e+06 
       3.240870709323e-02       5.715188456028e+06       5.638869998739e+06       5.220086323261e+02       5.205431137133e+02       0.000000000000e+00       5.688277823484e+06 
       3.256329545864e-02       5.672626675329e+06       5.596572312213e+06       5.132081541528e+02       5.117673517981e+02       0.000000000000e+00       5.645823690804e+06 
       3.271921754868e-02       5.630460176024e+06       5.554684621629e+06       5.045378839704e+02       5.031214072464e+02       0.000000000000e+00       5.603769073368e+06 
       3.287652260956e-02       5.588467768522e+06       5.512985154496e+06       4.959953381533e+02       4.946028634065e+02       0.000000000000e+00       5.561892744940e+06 
       3.303526235461e-02       5.546900087754e+06       5.471704016033e+06       4.875818516751e+02       4.862129989816e+02       0.000000000000e+00       5.520438921972e+06 
       3.319549112782e-02       5.505433243532e+06       5.430548190359e+06       4.792692788282e+02       4.779237630674e+02       0.000000000000e+00       5.479093333085e+06 
       3.335726608097e-02       5.464294390743e+06       5.389722209517e+06       4.710781665272e+02       4.697556462174e+02       0.000000000000e+00       5.438076091565e+06 
       3.352064736578e-02       5.423391011899e+06       5.349150506118e+06       4.629970793644e+02       4.616972457174e+02       0.000000000000e+00       5.397299906289e+06 
       3.368569834261e-02       5.382870407950e+06       5.308968699120e+06       4.550424746873e+02       4.537649735545e+02       0.000000000000e+00       5.356908422933e+06 
       3.385248580743e-02       5.342561759494e+06       5.269012693291e+06       4.471913429744e+02       4.459358839646e+02       0.000000000000e+00       5.316732980932e+06 
       3.402108023904e-02       5.302516820042e+06       5.229330566343e+06       4.394463854699e+02       4.382126677559e+02       0.000000000000e+00       5.276824180197e+06 
       3.419155606858e-02       5.262748652259e+06       5.189935945500e+06       4.318098102637e+02       4.305975347941e+02       0.000000000000e+00       5.237195247176e+06 
       3.436399197398e-02       5.223196823119e+06       5.150767101777e+06       4.242697583739e+02       4.230786500344e+02       0.000000000000e+00       5.197785392290e+06 
       3.453847120195e-02       5.183942214989e+06       5.111906875096e+06       4.168337644407e+02       4.156635322143e+02       0.000000000000e+00       5.158676043108e+06 
       3.471508192066e-02       5.144952594428e+06       5.073325400668e+06       4.094968358017e+02       4.083472015349e+02       0.000000000000e+00       5.119835708843e+06 
       3.489391760677e-02       5.106239986685e+06       5.035037065851e+06       4.022582390723e+02       4.011289269664e+02       0.000000000000e+00       5.081277127183e+06 
       3.507507747067e-02       5.067776259013e+06       4.997012890035e+06       3.951137841478e+02       3.940045315639e+02       0.000000000000e+00       5.042971924840e+06 
       3.525866692460e-02       5.029624495122e+06       4.959321191807e+06       3.880579629167e+02       3.869685049920e+02       0.000000000000e+00       5.004984741186e+06 
       3.544479809892e-02       4.991710938406e+06       4.921880589961e+06       3.810982014907e+02       3.800282829019e+02       0.000000000000e+00       4.967239542236e+06 
       3.563359041232e-02       4.954040848837e+06       4.884696425926e+06       3.742252357268e+02       3.731746129014e+02       0.000000000000e+00       4.929741609433e+06 
       3.582517120298e-02       4.916633450439e+06       4.847787761798e+06       3.674384136780e+02       3.664068448983e+02       0.000000000000e+00       4.892510105178e+06 
       3.601967642852e-02       4.879484011108e+06       4.811150104188e+06       3.607352722779e+02       3.597225226899e+02       0.000000000000e+00       4.855540373156e+06 
       3.621725144361e-02       4.842578508637e+06       4.774771095990e+06       3.541127232519e+02       3.531185665659e+02       0.000000000000e+00       4.818818907721e+06 
       3.641805186594e-02       4.805934349312e+06       4.738671147460e+06       3.475700378004e+02       3.465942496468e+02       0.000000000000e+00       4.782364019840e+06 
       3.662224454244e-02       4.769462124595e+06       4.702761483052e+06       3.410995123835e+02       3.401418960425e+02       0.000000000000e+00       4.746086550961e+06 
       3.683000862984e-02       4.733332589436e+06       4.667217445080e+06       3.347110791647e+02       3.337713998307e+02       0.000000000000e+00       4.710158545642e+06 
       3.704153680599e-02       4.697476778433e+06       4.631967603320e+06       3.283885727075e+02       3.274666303719e+02       0.000000000000e+00       4.674510331030e+06 
       3.725703663090e-02       4.661754344893e+06       4.596875247895e+06       3.221399634724e+02       3.212355723273e+02       0.000000000000e+00       4.639002758650e+06 
       3.747673207992e-02       4.626332920153e+06       4.562100448224e+06       3.159597680037e+02       3.150727284212e+02       0.000000000000e+00       4.603801047625e+06 
       3.770086527530e-02       4.591217849201e+06       4.527649244666e+06       3.098420339685e+02       3.089721562252e+02       0.000000000000e+00       4.568910751519e+06 
       3.792969844718e-02       4.556324986250e+06       4.493440065496e+06       3.037927944528e+02       3.029398991244e+02       0.000000000000e+00       4.534248562933e+06 
       3.816351616048e-02       4.521651752265e+06       4.459472210914e+06       2.978095591127e+02       2.969734741901e+02       0.000000000000e+00       4.499812477375e+06 
       3.840262785130e-02       4.487293478697e+06       4.425842967652e+06       2.918773369869e+02       2.910578942937e+02       0.000000000000e+00       4.465698361575e+06 
       3.864737072466e-02       4.453137000710e+06       4.392440428199e+06       2.860044250948e+02       2.852014697821e+02       0.000000000000e+00       4.431793506176e+06 
       3.889811307545e-02       4.419249574609e+06       4.359336683993e+06       2.801873687042e+02       2.794007438036e+02       0.000000000000e+00       4.398166598617e+06 
       3.915525810708e-02       4.385677061318e+06       4.326582891638e+06       2.744303782928e+02       2.736599250526e+02       0.000000000000e+00       4.364865085008e+06 
       3.941924833741e-02       4.352215963409e+06       4.293960054160e+06       2.687093179716e+02       2.679549251023e+02       0.000000000000e+00       4.331680872523e+06 
       3.969057070054e-02       4.319146827212e+06       4.261765724314e+06       2.630373220157e+02       2.622988403354e+02       0.000000000000e+00       4.298899513131e+06 
       3.996976247634e-02       4.286262662904e+06       4.229786698956e+06       2.574098305588e+02       2.566871468513e+02       0.000000000000e+00       4.266312254829e+06 
       4.025741820863e-02       4.253627984193e+06       4.198085913989e+06       2.518248712402e+02       2.511178720332e+02       0.000000000000e+00       4.233983089176e+06 
       4.055419780921e-02       4.221229891080e+06       4.166654798492e+06       2.462726503670e+02       2.455812377710e+02       0.000000000000e+00       4.201900444146e+06 
       4.086083609079e-02       4.189069328575e+06       4.135499143770e+06       2.407525126541e+02       2.400765964262e+02       0.000000000000e+00       4.170066741577e+06 
       4.117815402883e-02       4.157118473045e+06       4.104592480900e+06       2.352608826294e+02       2.346003863644e+02       0.000000000000e+00       4.138454588573e+06 
       4.150707212525e-02       4.125483199975e+06       4.074043429774e+06       2.297921177961e+02       2.291469636821e+02       0.000000000000e+00       4.107170629749e+06 
       4.184862633891e-02       4.094061845456e+06       4.043755783718e+06       2.243472635720e+02       2.237173943902e+02       0.000000000000e+00       4.076114929712e+06 
       4.220398716474e-02       4.062879577326e+06       4.013757721291e+06       2.189201865434e+02       2.183055554999e+02       0.000000000000e+00       4.045313558088e+06 
       4.257448259274e-02       4.031962030914e+06       3.984075961674e+06       2.135046622046e+02       2.129052351683e+02       0.000000000000e+00       4.014792464274e+06 
       4.296162586813e-02       4.001295571156e+06       3.954686992411e+06       2.080963421733e+02       2.075121013529e+02       0.000000000000e+00       3.984535010698e+06 
       4.336714921612e-02       3.970700287958e+06       3.925436311019e+06       2.026762791371e+02       2.021072546830e+02       0.000000000000e+00       3.954369147697e+06 
       4.379304500161e-02       3.940506496415e+06       3.896636115763e+06       1.972583738157e+02       1.967045555561e+02       0.000000000000e+00       3.924619456668e+06 
       4.424161618007e-02       3.910364948350e+06       3.867955330395e+06       1.918170878670e+02       1.912785441905e+02       0.000000000000e+00       3.894942451997e+06 
       4.471553837290e-02       3.880306103491e+06       3.839430371632e+06       1.863459939692e+02       1.858228082378e+02       0.000000000000e+00       3.865370390015e+06 
       4.521793647520e-02       3.850458692206e+06       3.811184457264e+06       1.808466146162e+02       1.803388679136e+02       0.000000000000e+00       3.836030238447e+06 
       4.575247935976e-02       3.820566725361e+06       3.782975321517e+06       1.752936073254e+02       1.748014489190e+02       0.000000000000e+00       3.806670355066e+06 
       4.632349691811e-02       3.790658796847e+06       3.754826444425e+06       1.696788741280e+02       1.692024743114e+02       0.000000000000e+00       3.777317756524e+06 
       4.693612421276e-02       3.760438198297e+06       3.726440899550e+06       1.639839933896e+02       1.635235850670e+02       0.000000000000e+00       3.747675857176e+06 
       4.759647753681e-02       3.729922033072e+06       3.697850734938e+06       1.581910077130e+02       1.577468579966e+02       0.000000000000e+00       3.717766305470e+06 
       4.831186591304e-02       3.698642550186e+06       3.668575876079e+06       1.522754314908e+02       1.518478888227e+02       0.000000000000e+00       3.687117891777e+06 
       4.909103748474e-02       3.666280474201e+06       3.638295499611e+06       1.462118084868e+02       1.458012882290e+02       0.000000000000e+00       3.655411072350e+06 
       4.994445047632e-02       3.632298111571e+06       3.606480946540e+06       1.399712606550e+02       1.395782584940e+02       0.000000000000e+00       3.622111250779e+06 
       5.088453789212e-02       3.595790252482e+06       3.572203836168e+06       1.335158110416e+02       1.331409341459e+02       0.000000000000e+00       3.586306730667e+06 
       5.192589599413e-02       3.555701115544e+06       3.534363081729e+06       1.268060881234e+02       1.264500464700e+02       0.000000000000e+00       3.546928592188e+06 
       5.308525922054e-02       3.510376344254e+06       3.491247708767e+06       1.198022400836e+02       1.194658630127e+02       0.000000000000e+00       3.502306273398e+06 
       5.438102470172e-02       3.457482714103e+06       3.440480304049e+06       1.124581819950e+02       1.121424195805e+02       0.000000000000e+00       3.450094566417e+06 
       5.583198299395e-02       3.393985926093e+06       3.378926011106e+06       1.047463212168e+02       1.044522140831e+02       0.000000000000e+00       3.387230451520e+06 
       5.745489850037e-02       3.316419254259e+06       3.302957721087e+06       9.666269810788e+01       9.639128663959e+01       0.000000000000e+00       3.310200519545e+06 
       5.926087672291e-02       3.220812539729e+06       3.208488374254e+06       8.824702161941e+01       8.799923683304e+01       0.000000000000e+00       3.215001505337e+06 
       6.125126781082e-02       3.103395615538e+06       3.091589929777e+06       7.959560392073e+01       7.937211462937e+01       0.000000000000e+00       3.097817517204e+06 
       6.341494403554e-02       2.962726960471e+06       2.950733257800e+06       7.088589011158e+01       7.068685704028e+01       0.000000000000e+00       2.957181245142e+06 
       6.572903179187e-02       2.799869057166e+06       2.786997562504e+06       6.234538363713e+01       6.217033246669e+01       0.000000000000e+00       2.794159592064e+06 
       6.816349126613e-02       2.619548052025e+06       2.605230489164e+06       5.422371619845e+01       5.407147063505e+01       0.000000000000e+00       2.613512730472e+06 
       7.068735824306e-02       2.429639508284e+06       2.413554815546e+06       4.674876290551e+01       4.661750641239e+01       0.000000000000e+00       2.423186566654e+06 
       7.327365320342e-02       2.239353350410e+06       2.221444732016e+06       4.008318984736e+01       3.997065120888e+01       0.000000000000e+00       2.232465715389e+06 
       7.590154269157e-02       2.058076328959e+06       2.038584664985e+06       3.431596182016e+01       3.421961646044e+01       0.000000000000e+00       2.050821690019e+06 
       7.855624456094e-02       1.893877214139e+06       1.873251736351e+06       2.946711400760e+01       2.938438342623e+01       0.000000000000e+00       1.886381632820e+06 
       8.122785256220e-02       1.752697133020e+06       1.731566571882e+06       2.549718658448e+01       2.542560318761e+01       0.000000000000e+00       1.745137603664e+06 
       8.390997088865e-02       1.637876762898e+06       1.616900070145e+06       2.232229335555e+01       2.225962292876e+01       0.000000000000e+00       1.630437362576e+06 
       8.659856688118e-02       1.550051971744e+06       1.529873794668e+06       1.983275178065e+01       1.977707091801e+01       0.000000000000e+00       1.542912011130e+06 
       8.929113516821e-02       1.487385369135e+06       1.468576653881e+06       1.790258123828e+01       1.785231906721e+01       0.000000000000e+00       1.480702862184e+06 
       9.198613327596e-02       1.446120008119e+06       1.429112929617e+06       1.640511646432e+01       1.635905775381e+01       0.000000000000e+00       1.440013059080e+06 
       9.468261671611e-02       1.421312177089e+06       1.406350134926e+06       1.522450623786e+01       1.518176212240e+01       0.000000000000e+00       1.415844493179e+06 
       9.738000898491e-02       1.407142134627e+06       1.394309478998e+06       1.425505219000e+01       1.421502849047e+01       0.000000000000e+00       1.402332646889e+06 
       1.000779587806e-01       1.397970047300e+06       1.387140130069e+06       1.341453878987e+01       1.337687439505e+01       0.000000000000e+00       1.393776958845e+06 
       1.027762521692e-01       1.388224031895e+06       1.379172197186e+06       1.263567350789e+01       1.260019574100e+01       0.000000000000e+00       1.384579220649e+06 
       1.054747588480e-01       1.373809751023e+06       1.366174139690e+06       1.187630796891e+01       1.184296191538e+01       0.000000000000e+00       1.370605878421e+06 
       1.081733993771e-01       1.351621211082e+06       1.344979565517e+06       1.111090295661e+01       1.107970557868e+01       0.000000000000e+00       1.348734506343e+06 
       1.108721252374e-01       1.319994571969e+06       1.313922060496e+06       1.033011829900e+01       1.030111314348e+01       0.000000000000e+00       1.317301540643e+06 
       1.135709067068e-01       1.278665439639e+06       1.272758046046e+06       9.536532186627e+00       9.509755353482e+00       0.000000000000e+00       1.276049101646e+06 
       1.162697254956e-01       1.228833080945e+06       1.222732771047e+06       8.743571351668e+00       8.719021125567e+00       0.000000000000e+00       1.226189709401e+06 
       1.189685702730e-01       1.172322573697e+06       1.165775363801e+06       7.965804020271e+00       7.943437813062e+00       0.000000000000e+00       1.169578998457e+06 
       1.216674339499e-01       1.111830077408e+06       1.104685045202e+06       7.221532321771e+00       7.201256289414e+00       0.000000000000e+00       1.108942828023e+06 
       1.243663120283e-01       1.050374224740e+06       1.042573588065e+06       6.527507067460e+00       6.509179943861e+00       0.000000000000e+00       1.047326300245e+06 
       1.270652015987e-01       9.907989247484e+05       9.823871880010e+05       5.896530588445e+00       5.879975271357e+00       0.000000000000e+00       9.876026934367e+05 
       1.297641007291e-01       9.357621467829e+05       9.268680402034e+05       5.338014070996e+00       5.323026899593e+00       0.000000000000e+00       9.324539588316e+05 
       1.324630080941e-01       8.872458647094e+05       8.780404976464e+05       4.855855455514e+00       4.842222100732e+00       0.000000000000e+00       8.838737259624e+05 
       1.351619227479e-01       8.465294498481e+05       8.372294259728e+05       4.449066344574e+00       4.436575307314e+00       0.000000000000e+00       8.431544195733e+05 
       1.378608439859e-01       8.140977737707e+05       8.049291607125e+05       4.112216066464e+00       4.100670633354e+00       0.000000000000e+00       8.107834871833e+05 
       1.405597712593e-01       7.898617739480e+05       7.810301596417e+05       3.838254296486e+00       3.827478071828e+00       0.000000000000e+00       7.866656796592e+05 
       1.432587041228e-01       7.728038836693e+05       7.644776354117e+05       3.615656250999e+00       3.605504900572e+00       0.000000000000e+00       7.697727321985e+05 
       1.459576422022e-01       7.615868432936e+05       7.538823076325e+05       3.433299711424e+00       3.423660266634e+00       0.000000000000e+00       7.587523790123e+05 
       1.486565851735e-01       7.544901954175e+05       7.474833524545e+05       3.279820795878e+00       3.270612269132e+00       0.000000000000e+00       7.518729538276e+05 
       1.513555327499e-01       7.496527016195e+05       7.433456355772e+05       3.144374104937e+00       3.135545652774e+00       0.000000000000e+00       7.472518774202e+05 
       1.540544846735e-01       7.456698419297e+05       7.400273030521e+05       3.019841114901e+00       3.011362223431e+00       0.000000000000e+00       7.434741439455e+05 
       1.567534407095e-01       7.406378958763e+05       7.355662189369e+05       2.897708003390e+00       2.889571974757e+00       0.000000000000e+00       7.386194385468e+05 
       1.594524006420e-01       7.332618419808e+05       7.286481022203e+05       2.773064815670e+00       2.765278817105e+00       0.000000000000e+00       7.313876941810e+05 
       1.621513642720e-01       7.227192468326e+05       7.184247064116e+05       2.643207882363e+00       2.635786345752e+00       0.000000000000e+00       7.209491325954e+05 
       1.648503314143e-01       7.087096500791e+05       7.045968139037e+05       2.507925812563e+00       2.500884174320e+00       0.000000000000e+00       7.070038639071e+05 
       1.675493018969e-01       6.913216240562e+05       6.872630273521e+05       2.368117510421e+00       2.361468353732e+00       0.000000000000e+00       6.896434617906e+05 
       1.702482755588e-01       6.711353630330e+05       6.670241990031e+05       2.226515100526e+00       2.220263629963e+00       0.000000000000e+00       6.694540482634e+05 
       1.729472522496e-01       6.489163661990e+05       6.446765738181e+05       2.085868264119e+00       2.080011726616e+00       0.000000000000e+00       6.472100074352e+05 
       1.756462318285e-01       6.256198203044e+05       6.212007198661e+05       1.949305167012e+00       1.943832018300e+00       0.000000000000e+00       6.238736546135e+05 
       1.783452141631e-01       6.021729857647e+05       5.975652103587e+05       1.819603169115e+00       1.814494299299e+00       0.000000000000e+00       6.003842534162e+05 
       1.810441991292e-01       5.795192927400e+05       5.747381717875e+05       1.698998706043e+00       1.694228443617e+00       0.000000000000e+00       5.776921612338e+05 
       1.837431866100e-01       5.583771347914e+05       5.534645600560e+05       1.589009611846e+00       1.584548189226e+00       0.000000000000e+00       5.565234112354e+05 
       1.864421764954e-01       5.393090367296e+05       5.343195604691e+05       1.490439013534e+00       1.486254408282e+00       0.000000000000e+00       5.374440291512e+05 
       1.891411686817e-01       5.227358930667e+05       5.177436003623e+05       1.403564444569e+00       1.399623728898e+00       0.000000000000e+00       5.208805958168e+05 
       1.918401630711e-01       5.088449946613e+05       5.039153905064e+05       1.328056690356e+00       1.324328018683e+00       0.000000000000e+00       5.070176669442e+05 
       1.945391595714e-01       4.976284369848e+05       4.928303649438e+05       1.263014613184e+00       1.259468559534e+00       0.000000000000e+00       4.958483608348e+05 
       1.972381580952e-01       4.888375813599e+05       4.842286073413e+05       1.207048035397e+00       1.203659085166e+00       0.000000000000e+00       4.871207592896e+05 
       1.999371585600e-01       4.820649613956e+05       4.776821568085e+05       1.158514640200e+00       1.155261914629e+00       0.000000000000e+00       4.804214078553e+05 
       2.026361608878e-01       4.767465701753e+05       4.726131008005e+05       1.115549594616e+00       1.112417480531e+00       0.000000000000e+00       4.751824200512e+05 
       2.053351650047e-01       4.722791229997e+05       4.683977043063e+05       1.076396221099e+00       1.073374025310e+00       0.000000000000e+00       4.707946614638e+05 
       2.080341708405e-01       4.680407066043e+05       4.644007880538e+05       1.039371920042e+00       1.036453654704e+00       0.000000000000e+00       4.666325711858e+05 
       2.107331783288e-01       4.635223067778e+05       4.600957057506e+05       1.003261388727e+00       1.000444501439e+00       0.000000000000e+00       4.621820843338e+05 
       2.134321874065e-01       4.583318798026e+05       4.550811846676e+05       9.671980051377e-01       9.644823942054e-01       0.000000000000e+00       4.570485936663e+05 
       2.161311980137e-01       4.522234600436e+05       4.491068418253e+05       9.306737007148e-01       9.280606245188e-01       0.000000000000e+00       4.509849437422e+05 
       2.188302100934e-01       4.450377177696e+05       4.420093368122e+05       8.934546170365e-01       8.909460383697e-01       0.000000000000e+00       4.438306837501e+05 
       2.215292235916e-01       4.368062019275e+05       4.338249340914e+05       8.556889641223e-01       8.532864270629e-01       0.000000000000e+00       4.356187800802e+05 
       2.242282384566e-01       4.276301970687e+05       4.246593203349e+05       8.176234548985e-01       8.153277702608e-01       0.000000000000e+00       4.264517947140e+05 
       2.269272546395e-01       4.177218661811e+05       4.147354238151e+05       7.797616198130e-01       7.775722813089e-01       0.000000000000e+00       4.165450372216e+05 
       2.296262720935e-01       4.073721659043e+05       4.043525873957e+05       7.426089644249e-01       7.405239445095e-01       0.000000000000e+00       4.061918353010e+05 
       2.323252907739e-01       3.968977032140e+05       3.938395420072e+05       7.067317953680e-01       7.047474984435e-01       0.000000000000e+00       3.957122901055e+05 
       2.350243106384e-01       3.866532379511e+05       3.835563125557e+05       6.727097787994e-01       6.708210302724e-01       0.000000000000e+00       3.854625403363e+05 
       2.377233316464e-01       3.769189789062e+05       3.737980257873e+05       6.408964418775e-01       6.390970079149e-01       0.000000000000e+00       3.757271639461e+05 
       2.404223537592e-01       3.679675257679e+05       3.648364674606e+05       6.116813030045e-01       6.099639125628e-01       0.000000000000e+00       3.667783386493e+05 
       2.431213769397e-01       3.598892801034e+05       3.567716474423e+05       5.850142364991e-01       5.833717206071e-01       0.000000000000e+00       3.587093375281e+05 
       2.458204011526e-01       3.527667498127e+05       3.496851022248e+05       5.608968210440e-01       5.593220081456e-01       0.000000000000e+00       3.516023197245e+05 
       2.485194263640e-01       3.465375008478e+05       3.435118113697e+05       5.390901205395e-01       5.375765356356e-01       0.000000000000e+00       3.453941025239e+05 
       2.512184525417e-01       3.411193288332e+05       3.381691007031e+05       5.193344564965e-01       5.178763319268e-01       0.000000000000e+00       3.400023907524e+05 
       2.539174796546e-01       3.363920598141e+05       3.335311464681e+05       5.013290123791e-01       4.999214370695e-01       0.000000000000e+00       3.353053647053e+05 
       2.566165076731e-01       3.321984841787e+05       3.294344071533e+05       4.847540467538e-01       4.833930201844e-01       0.000000000000e+00       3.311439846964e+05 
       2.593155365688e-01       3.283763930631e+05       3.257122035537e+05       4.692805843077e-01       4.679629943605e-01       0.000000000000e+00       3.273547824866e+05 
       2.620145663144e-01       3.247342740559e+05       3.221672326935e+05       4.545943948516e-01       4.533180398816e-01       0.000000000000e+00       3.237446024958e+05 
       2.647135968837e-01       3.211022441040e+05       3.186238145370e+05       4.404090474365e-01       4.391725036156e-01       0.000000000000e+00       3.201419027525e+05 
       2.674126282518e-01       3.173386825016e+05       3.149392398579e+05       4.265270219825e-01       4.253294521918e-01       0.000000000000e+00       3.164048210209e+05 
       2.701116603945e-01       3.133193729002e+05       3.109848035802e+05       4.127644982610e-01       4.116055678776e-01       0.000000000000e+00       3.124078517433e+05 
       2.728106932888e-01       3.089864843404e+05       3.067021189105e+05       3.990505574901e-01       3.979301329057e-01       0.000000000000e+00       3.080930313898e+05 
       2.755097269125e-01       3.043330404472e+05       3.020848449951e+05       3.853830717742e-01       3.843010379019e-01       0.000000000000e+00       3.034535817780e+05 
       2.782087612441e-01       2.994017368030e+05       2.971772686211e+05       3.718109688244e-01       3.707670386218e-01       0.000000000000e+00       2.985326563540e+05 
       2.809077962633e-01       2.942686479719e+05       2.920579536941e+05       3.584384796522e-01       3.574320954416e-01       0.000000000000e+00       2.934070400630e+05 
       2.836068319503e-01       2.890187071862e+05       2.868146246073e+05       3.453595316627e-01       3.443898610365e-01       0.000000000000e+00       2.881624628815e+05 
       2.863058682861e-01       2.837552643097e+05       2.815544314860e+05       3.326941169261e-01       3.317600087996e-01       0.000000000000e+00       2.829033673049e+05 
       2.890049052524e-01       2.785648554334e+05       2.763659706643e+05       3.205247331642e-01       3.196248002096e-01       0.000000000000e+00       2.777168623200e+05 
       2.917039428318e-01       2.735250138934e+05       2.713313872093e+05       3.089137276366e-01       3.080463902876e-01       0.000000000000e+00       2.726818377412e+05 
       2.944029810071e-01       2.687133822044e+05       2.665298299823e+05       2.979349561146e-01       2.970984544557e-01       0.000000000000e+00       2.678763457906e+05 
       2.971020197622e-01       2.641964969307e+05       2.620275043853e+05       2.876155505296e-01       2.868080102561e-01       0.000000000000e+00       2.633667796436e+05 
       2.998010590813e-01       2.599932354677e+05       2.578475960639e+05       2.779693804833e-01       2.771889367307e-01       0.000000000000e+00       2.591733180613e+05 
       3.025000989493e-01       2.561311070253e+05       2.540148625868e+05       2.689733786156e-01       2.682181893054e-01       0.000000000000e+00       2.553226138508e+05 
       3.051991393514e-01       2.525862505369e+05       2.505052118696e+05       2.605820829954e-01       2.598504534408e-01       0.000000000000e+00       2.517907507345e+05 
       3.078981802736e-01       2.493121229565e+05       2.472708473859e+05       2.527202074452e-01       2.520106529642e-01       0.000000000000e+00       2.485308332145e+05 
       3.105972217023e-01       2.462508596303e+05       2.442520056791e+05       2.452965206115e-01       2.446077975752e-01       0.000000000000e+00       2.454844546731e+05 
       3.132962636244e-01       2.433200999890e+05       2.413666427520e+05       2.382281455085e-01       2.375592708935e-01       0.000000000000e+00       2.425694035733e+05 
       3.159953060271e-01       2.404778635530e+05       2.385673322669e+05       2.314451485430e-01       2.307953181534e-01       0.000000000000e+00       2.397420659945e+05 
       3.186943488982e-01       2.376815534990e+05       2.358138405987e+05       2.249020412925e-01       2.242705816325e-01       0.000000000000e+00       2.369605927177e+05 
       3.213933922257e-01       2.348838402077e+05       2.330547003564e+05       2.185448878427e-01       2.179312826935e-01       0.000000000000e+00       2.341764228740e+05 
       3.240924359984e-01       2.320689332486e+05       2.302740919246e+05       2.123479640385e-01       2.117517589855e-01       0.000000000000e+00       2.313737672058e+05 
       3.267914802051e-01       2.292245857121e+05       2.274603656885e+05       2.062965532270e-01       2.057173364643e-01       0.000000000000e+00       2.285405687034e+05 
       3.294905248351e-01       2.263254148566e+05       2.245867956217e+05       2.003648402782e-01       1.998022778098e-01       0.000000000000e+00       2.256510513013e+05 
       3.321895698779e-01       2.233718045704e+05       2.216551726384e+05       1.945483631770e-01       1.940021273536e-01       0.000000000000e+00       2.227060275859e+05 
       3.348886153237e-01       2.203702193065e+05       2.186712257707e+05       1.888513416139e-01       1.883211015436e-01       0.000000000000e+00       2.197117336889e+05 
       3.375876611628e-01       2.173403519787e+05       2.156553423656e+05       1.832872005219e-01       1.827725873385e-01       0.000000000000e+00       2.166880616690e+05 
       3.402867073856e-01       2.143081717541e+05       2.126358877369e+05       1.778720929329e-01       1.773726842960e-01       0.000000000000e+00       2.136616946164e+05 
       3.429857539831e-01       2.113033152422e+05       2.096429857062e+05       1.726263163528e-01       1.721416373652e-01       0.000000000000e+00       2.106623987715e+05 
       3.456848009466e-01       2.083643201948e+05       2.067165138720e+05       1.675727122608e-01       1.671022171836e-01       0.000000000000e+00       2.077290957725e+05 
       3.483838482674e-01       2.055011352258e+05       2.038659821361e+05       1.627167695941e-01       1.622599091869e-01       0.000000000000e+00       2.048715941442e+05 
       3.510828959373e-01       2.027264206127e+05       2.011051371923e+05       1.580587858382e-01       1.576150034588e-01       0.000000000000e+00       2.021028772929e+05 
       3.537819439483e-01       2.000537564128e+05       1.984487809554e+05       1.536033737774e-01       1.531721008651e-01       0.000000000000e+00       1.994368891086e+05 
       3.564809922926e-01       1.974819200437e+05       1.958945674946e+05       1.493443737829e-01       1.489250659360e-01       0.000000000000e+00       1.968720653270e+05 
       3.591800409626e-01       1.950143323906e+05       1.934471634875e+05       1.452673213517e-01       1.448594554884e-01       0.000000000000e+00       1.944122044411e+05 
       3.618790899511e-01       1.926529973312e+05       1.911064895557e+05       1.413786671674e-01       1.409817241963e-01       0.000000000000e+00       1.920586739540e+05 
       3.645781392509e-01       1.903969901564e+05       1.888730488800e+05       1.376594259780e-01       1.372729190026e-01       0.000000000000e+00       1.898109850495e+05 
       3.672771888552e-01       1.882364961316e+05       1.867352411564e+05       1.341051636949e-01       1.337286357980e-01       0.000000000000e+00       1.876587849072e+05 
       3.699762387572e-01       1.861587890570e+05       1.846804961033e+05       1.306984681851e-01       1.303315053623e-01       0.000000000000e+00       1.855894029761e+05 
       3.726752889505e-01       1.841387593443e+05       1.826836853138e+05       1.274161305892e-01       1.270583834157e-01       0.000000000000e+00       1.835777399434e+05 
       3.753743394288e-01       1.821510077844e+05       1.807178766479e+05       1.242362128300e-01       1.238873937519e-01       0.000000000000e+00       1.815979454717e+05 
       3.780733901859e-01       1.801762694758e+05       1.787635874644e+05       1.211433204442e-01       1.208031883363e-01       0.000000000000e+00       1.796307005653e+05 
       3.807724412160e-01       1.782067513305e+05       1.768132122827e+05       1.181279377101e-01       1.177962728890e-01       0.000000000000e+00       1.776682742997e+05 
       3.834714925131e-01       1.762363197725e+05       1.748603715020e+05       1.151831294314e-01       1.148597321406e-01       0.000000000000e+00       1.757044620076e+05 
       3.861705440717e-01       1.742646830375e+05       1.729048242372e+05       1.123080814773e-01       1.119927563434e-01       0.000000000000e+00       1.737389876218e+05 
       3.888695958864e-01       1.722938311336e+05       1.709486850113e+05       1.095018159193e-01       1.091943699116e-01       0.000000000000e+00       1.717738778407e+05 
       3.915686479517e-01       1.703244894339e+05       1.689928838603e+05       1.067628267990e-01       1.064630711601e-01       0.000000000000e+00       1.698099199679e+05 
       3.942677002626e-01       1.683586631379e+05       1.670396782680e+05       1.040905047783e-01       1.037982532687e-01       0.000000000000e+00       1.678491948350e+05 
       3.969667528140e-01       1.664010358880e+05       1.650940216888e+05       1.014846981192e-01       1.011997613619e-01       0.000000000000e+00       1.658964653519e+05 
       3.996658056011e-01       1.644618092149e+05       1.631665737350e+05       9.894995968848e-02       9.867213702254e-02       0.000000000000e+00       1.639620661932e+05 
       4.023648586190e-01       1.625495982200e+05       1.612658694838e+05       9.649108806263e-02       9.622016941154e-02       0.000000000000e+00       1.620545825706e+05 
       4.050639118632e-01       1.606795380440e+05       1.594074520008e+05       9.411354701261e-02       9.384930389388e-02       0.000000000000e+00       1.601892643317e+05 
       4.077629653291e-01       1.588634267598e+05       1.576033338680e+05       9.182166187314e-02       9.156385382292e-02       0.000000000000e+00       1.583779674205e+05 
       4.104620190124e-01       1.571055392189e+05       1.558579161410e+05       8.961541257673e-02       8.936379938221e-02       0.000000000000e+00       1.566250024367e+05 
       4.131610729087e-01       1.554041890699e+05       1.541692362340e+05       8.748981454468e-02       8.724416880103e-02       0.000000000000e+00       1.549285998920e+05 
       4.158601270140e-01       1.537561813345e+05       1.525346519737e+05       8.544210195608e-02       8.520220558681e-02       0.000000000000e+00       1.532857353725e+05 
       4.185591813241e-01       1.521527803475e+05       1.509450267174e+05       8.346439900998e-02       8.323005542005e-02       0.000000000000e+00       1.516875565429e+05 
       4.212582358351e-01       1.505875828959e+05       1.493941181013e+05       8.155123065691e-02       8.132225897069e-02       0.000000000000e+00       1.501277133096e+05 
       4.239572905432e-01       1.490545581947e+05       1.478751552645e+05       7.969675871569e-02       7.947299372127e-02       0.000000000000e+00       1.485999531156e+05 
       4.266563454445e-01       1.475520730185e+05       1.463866288948e+05       7.789869857564e-02       7.767998191347e-02       0.000000000000e+00       1.471026815531e+05 
       4.293554005356e-01       1.460775646377e+05       1.449258080087e+05       7.615401005887e-02       7.594019191272e-02       0.000000000000e+00       1.456332862331e+05 
       4.320544558127e-01       1.446268242060e+05       1.434883451145e+05       7.445891982537e-02       7.424986096552e-02       0.000000000000e+00       1.441875187263e+05 
       4.347535112724e-01       1.431935913478e+05       1.420678925657e+05       7.280889470195e-02       7.260446859845e-02       0.000000000000e+00       1.427590960443e+05 
       4.374525669114e-01       1.417714074438e+05       1.406579417076e+05       7.119907223330e-02       7.099916596293e-02       0.000000000000e+00       1.413415484327e+05 
       4.401516227262e-01       1.403574370703e+05       1.392556361074e+05       6.962715515574e-02       6.943166232688e-02       0.000000000000e+00       1.399320358714e+05 
       4.428506787138e-01       1.389495284734e+05       1.378588547884e+05       6.809106848708e-02       6.789988853050e-02       0.000000000000e+00       1.385284173612e+05 
       4.455497348708e-01       1.375520481641e+05       1.364720057765e+05       6.659199061065e-02       6.640501964381e-02       0.000000000000e+00       1.371350692849e+05 
       4.482487911944e-01       1.361697514307e+05       1.350999136170e+05       6.513121799373e-02       6.494834848978e-02       0.000000000000e+00       1.357567650115e+05 
       4.509478476814e-01       1.348067280122e+05       1.337467497014e+05       6.370965137184e-02       6.353077327042e-02       0.000000000000e+00       1.343976165645e+05 
       4.536469043289e-01       1.334647216472e+05       1.324143447176e+05       6.232702752882e-02       6.215203150257e-02       0.000000000000e+00       1.330593930777e+05 
       4.563459611342e-01       1.321433853284e+05       1.311024378946e+05       6.098192717792e-02       6.081070781620e-02       0.000000000000e+00       1.317417740548e+05 
       4.590450180943e-01       1.308412130322e+05       1.298095986700e+05       5.967291748571e-02       5.950537345550e-02       0.000000000000e+00       1.304432774375e+05 
       4.617440752066e-01       1.295567594610e+05       1.285344517791e+05       5.839825408011e-02       5.823428895031e-02       0.000000000000e+00       1.291624802002e+05 
       4.644431324684e-01       1.282915236039e+05       1.272785468617e+05       5.715768365195e-02       5.699720169883e-02       0.000000000000e+00       1.279008958171e+05 
       4.671421898771e-01       1.270487200233e+05       1.260451262325e+05       5.595170858505e-02       5.579461267013e-02       0.000000000000e+00       1.266617452613e+05 
       4.890251988933e-01       1.178246846677e+05       1.168970321990e+05       4.734982927257e-02       4.721688484978e-02       0.000000000000e+00       1.174667435489e+05 
       5.135782159360e-01       1.086091986265e+05       1.077539118628e+05       3.957289045003e-02       3.946178141024e-02       0.000000000000e+00       1.082791956443e+05 
       5.416916615218e-01       9.937883772632e+04       9.859639094770e+04       3.254875070905e-02       3.245736340253e-02       0.000000000000e+00       9.907692695522e+04 
       5.747791889476e-01       8.999781141135e+04       8.928938366386e+04       2.618030633538e-02       2.610679976039e-02       0.000000000000e+00       8.972444837536e+04 
       6.152416347905e-01       8.029913602337e+04       7.966748062201e+04       2.038755012433e-02       2.033030791220e-02       0.000000000000e+00       8.005536266332e+04 
       6.675020261270e-01       7.000277687919e+04       6.945229747233e+04       1.509927604851e-02       1.505688176327e-02       0.000000000000e+00       6.979031683633e+04 
       7.404517108092e-01       5.874226964064e+04       5.828052391113e+04       1.029683396267e-02       1.026792352745e-02       0.000000000000e+00       5.856404178953e+04 
       8.526932916669e-01       4.620646558566e+04       4.584344113102e+04       6.107508192290e-03       6.090360152155e-03       0.000000000000e+00       4.606632800491e+04 
       1.034526562711e+00       3.318512164282e+04       3.292455410622e+04       2.979942450796e-03       2.971575690073e-03       0.000000000000e+00       3.308452281114e+04 
       1.296576004371e+00       2.246961194489e+04       2.229324441961e+04       1.284540492615e-03       1.280933912956e-03       0.000000000000e+00       2.240151562810e+04 
       1.632114635725e+00       1.505107465867e+04       1.493293639268e+04       5.430199689791e-04       5.414953534875e-04       0.000000000000e+00       1.500546092859e+04 
