# Matter power spectrum P(k) at redshift z=0
# for k=7.75386e-06 to 1.63211 h/Mpc,
# number of wavenumbers equal to 556
#    1:k (h/Mpc)              2:P (Mpc/h)^3        
       7.753863804827e-06       1.365669850237e+02 
       1.856717941020e-05       2.871849641177e+02 
       2.940539212795e-05       4.526025718417e+02 
       4.028903453577e-05       6.163595916552e+02 
       5.123886720149e-05       7.772227717138e+02 
       6.227600928128e-05       9.395334050917e+02 
       7.342207198469e-05       1.099545122060e+03 
       8.469929618955e-05       1.261379436465e+03 
       9.613069549933e-05       1.424376158946e+03 
       1.077402060497e-04       1.588756582127e+03 
       1.195528443845e-04       1.755943367294e+03 
       1.315948747309e-04       1.925043080013e+03 
       1.438939870015e-04       2.097090738255e+03 
       1.564794868327e-04       2.272361761167e+03 
       1.693824989129e-04       2.451351940267e+03 
       1.826361847652e-04       2.634390992221e+03 
       1.962759759862e-04       2.821951114043e+03 
       2.103398237027e-04       3.014616272169e+03 
       2.248684646451e-04       3.212886348246e+03 
       2.399057037287e-04       3.417123223004e+03 
       2.554987123222e-04       3.627988122371e+03 
       2.716983404247e-04       3.846050153942e+03 
       2.885594396973e-04       4.072003228608e+03 
       3.061411926364e-04       4.306462590122e+03 
       3.245074410566e-04       4.550142819794e+03 
       3.437270043903e-04       4.803806614295e+03 
       3.638739750607e-04       5.068322980579e+03 
       3.850279742860e-04       5.344422221643e+03 
       4.072743471635e-04       5.633044614102e+03 
       4.307042708504e-04       5.935087378928e+03 
       4.554147443325e-04       6.251507678001e+03 
       4.815084230721e-04       6.583277588131e+03 
       5.090932573759e-04       6.931382379921e+03 
       5.382818905460e-04       7.296786594086e+03 
       5.691907729658e-04       7.680469153512e+03 
       6.019389526475e-04       8.083359189480e+03 
       6.366465129622e-04       8.506274091246e+03 
       6.734326456057e-04       8.950002070627e+03 
       7.124133720730e-04       9.415144993550e+03 
       7.536989596679e-04       9.902221233772e+03 
       7.973911163748e-04       1.041137751311e+04 
       8.435800888618e-04       1.094271898285e+04 
       8.923418236702e-04       1.149601750828e+04 
       9.437353762849e-04       1.207072039658e+04 
       9.978007594598e-04       1.266603080278e+04 
       1.054557406006e-03       1.328086818613e+04 
       1.114003381099e-03       1.391386214469e+04 
       1.176115418656e-03       1.456322518854e+04 
       1.240849783726e-03       1.522734625295e+04 
       1.308143889286e-03       1.590406162664e+04 
       1.377918532921e-03       1.659123334953e+04 
       1.450080575706e-03       1.728667403819e+04 
       1.524525866798e-03       1.798815009272e+04 
       1.601142222593e-03       1.869346202417e+04 
       1.679812294082e-03       1.940029783129e+04 
       1.760416193363e-03       2.010678917923e+04 
       1.842833792545e-03       2.081084615168e+04 
       1.926946649085e-03       2.151085954719e+04 
       2.012639546557e-03       2.220502144614e+04 
       2.099801666549e-03       2.289191220981e+04 
       2.188327425522e-03       2.357014886570e+04 
       2.278117020721e-03       2.423866460064e+04 
       2.369076733192e-03       2.489631215951e+04 
       2.461119035384e-03       2.554226587156e+04 
       2.554162547145e-03       2.617585679947e+04 
       2.648131878701e-03       2.679627787210e+04 
       2.742957393245e-03       2.740309214208e+04 
       2.838574915854e-03       2.799597820097e+04 
       2.934925409984e-03       2.857446579659e+04 
       3.031954637928e-03       2.913834380407e+04 
       3.129612817583e-03       2.968753383781e+04 
       3.227854284459e-03       3.022175293855e+04 
       3.326637165201e-03       3.074105206564e+04 
       3.425923066781e-03       3.124550025509e+04 
       3.525676783882e-03       3.173479344543e+04 
       3.625866025818e-03       3.220940034454e+04 
       3.726461163419e-03       3.266911293855e+04 
       3.827434995688e-03       3.311429955589e+04 
       3.928762535625e-03       3.354507541618e+04 
       4.030420814284e-03       3.396141962897e+04 
       4.132388702005e-03       3.436365063061e+04 
       4.234646745641e-03       3.475227644819e+04 
       4.337177020579e-03       3.512688178552e+04 
       4.439962996367e-03       3.548802653847e+04 
       4.542989414797e-03       3.583592225067e+04 
       4.646242179336e-03       3.617081414278e+04 
       4.749708254895e-03       3.649282558002e+04 
       4.853375576958e-03       3.680217260432e+04 
       4.957232969200e-03       3.709916871598e+04 
       5.061270068787e-03       3.738425205530e+04 
       5.165477258606e-03       3.765723963180e+04 
       5.269845605765e-03       3.791884386010e+04 
       5.374366805750e-03       3.816875462608e+04 
       5.479033131687e-03       3.840751046955e+04 
       5.583837388215e-03       3.863540744054e+04 
       5.688772869513e-03       3.885266579353e+04 
       5.793833321090e-03       3.905940022096e+04 
       5.899012904967e-03       3.925590784411e+04 
       6.004306167925e-03       3.944236528890e+04 
       6.109708012524e-03       3.961666536348e+04 
       6.215213670630e-03       3.978338039177e+04 
       6.320818679219e-03       3.994102207901e+04 
       6.426518858230e-03       4.008909704260e+04 
       6.532310290288e-03       4.022835645617e+04 
       6.638189302118e-03       4.035841824702e+04 
       6.744152447495e-03       4.048032970234e+04 
       6.850196491592e-03       4.059355005614e+04 
       6.956318396591e-03       4.069850914647e+04 
       7.062515308461e-03       4.079533110865e+04 
       7.168784544777e-03       4.088431331057e+04 
       7.275123583510e-03       4.096556370588e+04 
       7.381530052682e-03       4.103916145904e+04 
       7.488001720832e-03       4.110536864027e+04 
       7.594536488205e-03       4.116432814990e+04 
       7.701132378614e-03       4.121608498015e+04 
       7.807787531916e-03       4.126102653899e+04 
       7.914500197047e-03       4.129911519962e+04 
       8.021268725573e-03       4.133050229282e+04 
       8.128091565715e-03       4.135542083796e+04 
       8.234967256810e-03       4.137405997566e+04 
       8.341894424167e-03       4.138672141657e+04 
       8.448871774298e-03       4.139315851739e+04 
       8.555898090482e-03       4.139373041229e+04 
       8.662972228642e-03       4.138827459931e+04 
       8.770093113518e-03       4.137810594109e+04 
       8.877259735096e-03       4.136158727475e+04 
       8.984471145293e-03       4.133961897185e+04 
       9.091726454861e-03       4.131227897225e+04 
       9.199024830507e-03       4.127631331688e+04 
       9.306365492211e-03       4.123855786041e+04 
       9.413747710720e-03       4.119559928691e+04 
       9.521170805214e-03       4.115134329086e+04 
       9.628634141123e-03       4.109837728114e+04 
       9.736137128101e-03       4.103941820321e+04 
       9.843679218121e-03       4.097677515429e+04 
       9.951259903705e-03       4.091063939407e+04 
       1.005887871627e-02       4.084024924793e+04 
       1.016653522459e-02       4.076548999387e+04 
       1.027422903333e-02       4.068766511721e+04 
       1.038195978174e-02       4.060539202156e+04 
       1.048972714235e-02       4.051885454027e+04 
       1.059753081982e-02       4.042852721194e+04 
       1.070537054986e-02       4.033374676031e+04 
       1.081324609818e-02       4.023531288494e+04 
       1.092115725956e-02       4.013289025641e+04 
       1.102910385693e-02       4.002711892888e+04 
       1.113708574059e-02       3.991787529133e+04 
       1.124510278739e-02       3.980540407498e+04 
       1.135315490007e-02       3.968981567418e+04 
       1.146124200653e-02       3.957170647972e+04 
       1.156936405929e-02       3.944958396147e+04 
       1.167752103484e-02       3.932435432537e+04 
       1.178571293318e-02       3.919618779341e+04 
       1.189393977730e-02       3.906506343337e+04 
       1.200220161273e-02       3.893118400985e+04 
       1.211049850714e-02       3.879470045969e+04 
       1.221883054998e-02       3.865564240856e+04 
       1.232719785209e-02       3.851153568161e+04 
       1.243560054544e-02       3.836677606269e+04 
       1.254403878282e-02       3.821944312688e+04 
       1.265251273758e-02       3.806970161539e+04 
       1.276102260345e-02       3.791787541598e+04 
       1.286956859430e-02       3.776373316236e+04 
       1.297815094397e-02       3.760730592924e+04 
       1.308676990616e-02       3.744859682133e+04 
       1.319542575426e-02       3.728807920389e+04 
       1.330411878127e-02       3.712535251931e+04 
       1.341284929973e-02       3.696066824069e+04 
       1.352161764163e-02       3.679625660772e+04 
       1.363042415842e-02       3.662584599800e+04 
       1.373926922094e-02       3.645639953576e+04 
       1.384815321946e-02       3.628479932274e+04 
       1.395707656368e-02       3.610965207698e+04 
       1.406603968277e-02       3.593647418041e+04 
       1.417504302544e-02       3.575924024022e+04 
       1.428408706001e-02       3.557965956651e+04 
       1.439317227448e-02       3.539959091208e+04 
       1.450229917667e-02       3.521865893514e+04 
       1.461146829431e-02       3.503706083431e+04 
       1.472068017523e-02       3.485115103400e+04 
       1.482993538748e-02       3.466732545056e+04 
       1.493923451949e-02       3.448052153966e+04 
       1.504857818030e-02       3.429222886729e+04 
       1.515796699977e-02       3.410311192946e+04 
       1.526740162874e-02       3.391403955702e+04 
       1.537688273933e-02       3.372245467944e+04 
       1.548641102516e-02       3.353000383434e+04 
       1.559598720164e-02       3.333677235966e+04 
       1.570561200623e-02       3.314244364066e+04 
       1.581528619874e-02       3.294739383004e+04 
       1.592501056168e-02       3.275153176105e+04 
       1.603478590056e-02       3.255506193793e+04 
       1.614461304423e-02       3.235791712868e+04 
       1.625449284527e-02       3.215948824056e+04 
       1.636442618036e-02       3.196066496520e+04 
       1.647441395067e-02       3.176161727511e+04 
       1.658445708227e-02       3.156201841943e+04 
       1.669455652658e-02       3.136225425008e+04 
       1.680471326078e-02       3.116170437721e+04 
       1.691492828831e-02       3.096066816446e+04 
       1.702520263934e-02       3.075919807951e+04 
       1.713553737126e-02       3.055724895807e+04 
       1.724593356922e-02       3.035498883390e+04 
       1.735639234663e-02       3.015271562195e+04 
       1.746691484575e-02       2.994949541221e+04 
       1.757750223826e-02       2.974651259276e+04 
       1.768815572583e-02       2.954181687127e+04 
       1.779887654077e-02       2.933804686462e+04 
       1.790966594666e-02       2.913447791144e+04 
       1.802052523897e-02       2.893077672775e+04 
       1.813145574578e-02       2.872702060985e+04 
       1.824245882849e-02       2.852314910166e+04 
       1.835353588251e-02       2.831942145205e+04 
       1.846468833802e-02       2.811563267904e+04 
       1.857591766076e-02       2.791199030620e+04 
       1.868722535282e-02       2.770903794314e+04 
       1.879861295346e-02       2.750594340346e+04 
       1.891008203996e-02       2.730274947429e+04 
       1.902163422851e-02       2.710028514136e+04 
       1.913327117512e-02       2.689733151818e+04 
       1.924499457651e-02       2.669456934006e+04 
       1.935680617116e-02       2.649190969179e+04 
       1.946870774022e-02       2.628874464270e+04 
       1.958070110860e-02       2.608685212591e+04 
       1.969278814601e-02       2.588536333348e+04 
       1.980497076805e-02       2.568419738565e+04 
       1.991725093734e-02       2.548442411626e+04 
       2.002963066473e-02       2.528304600982e+04 
       2.014211201043e-02       2.508322593370e+04 
       2.025469708532e-02       2.488387028902e+04 
       2.036738805222e-02       2.468495872421e+04 
       2.048018712720e-02       2.448674151565e+04 
       2.059309658096e-02       2.428925301628e+04 
       2.070611874024e-02       2.409244581154e+04 
       2.081925598931e-02       2.389550591161e+04 
       2.093251077145e-02       2.369898245747e+04 
       2.104588559051e-02       2.350320764503e+04 
       2.115938301255e-02       2.330808132143e+04 
       2.127300566748e-02       2.311294472595e+04 
       2.138675625079e-02       2.291911542948e+04 
       2.150063752535e-02       2.272600339719e+04 
       2.161465232322e-02       2.253362008337e+04 
       2.172880354759e-02       2.234212570559e+04 
       2.184309417472e-02       2.215199407887e+04 
       2.195752725598e-02       2.196105699462e+04 
       2.207210592000e-02       2.177175435970e+04 
       2.218683337479e-02       2.158325720196e+04 
       2.230171291006e-02       2.139561757286e+04 
       2.241674789950e-02       2.120873354535e+04 
       2.253194180327e-02       2.102270718552e+04 
       2.264729817044e-02       2.083750387933e+04 
       2.276282064165e-02       2.065315884220e+04 
       2.287851295177e-02       2.046968562403e+04 
       2.299437893270e-02       2.028698689865e+04 
       2.311042251625e-02       2.010531334759e+04 
       2.322664773719e-02       1.992456413258e+04 
       2.334305873632e-02       1.974478887531e+04 
       2.345965976371e-02       1.956656733701e+04 
       2.357645518205e-02       1.938788729878e+04 
       2.369344947016e-02       1.921085354785e+04 
       2.381064722658e-02       1.903449253666e+04 
       2.392805317332e-02       1.885937163449e+04 
       2.404567215976e-02       1.868521943859e+04 
       2.416350916675e-02       1.851218002525e+04 
       2.428156931074e-02       1.834011540890e+04 
       2.439985784824e-02       1.816907248841e+04 
       2.451838018034e-02       1.799934426578e+04 
       2.463714185745e-02       1.783037177697e+04 
       2.475614858424e-02       1.766245040054e+04 
       2.487540622480e-02       1.749591403327e+04 
       2.499492080795e-02       1.733004919843e+04 
       2.511469853286e-02       1.716521045249e+04 
       2.523474577481e-02       1.700154752470e+04 
       2.535506909131e-02       1.683910499593e+04 
       2.547567522834e-02       1.667764999602e+04 
       2.559657112702e-02       1.651719118220e+04 
       2.571776393042e-02       1.635785200934e+04 
       2.583926099077e-02       1.619963886291e+04 
       2.596106987696e-02       1.604237180647e+04 
       2.608319838237e-02       1.588629367938e+04 
       2.620565453306e-02       1.573132981615e+04 
       2.632844659630e-02       1.557757932051e+04 
       2.645158308958e-02       1.542508996598e+04 
       2.657507278994e-02       1.527358114568e+04 
       2.669892474378e-02       1.512283985758e+04 
       2.682314827714e-02       1.497392261316e+04 
       2.694775300649e-02       1.482610211590e+04 
       2.707274884997e-02       1.467860340871e+04 
       2.719814603923e-02       1.453301752888e+04 
       2.732395513186e-02       1.438821272416e+04 
       2.745018702443e-02       1.424449042206e+04 
       2.757685296612e-02       1.410237915577e+04 
       2.770396457315e-02       1.396095212882e+04 
       2.783153384384e-02       1.382034776546e+04 
       2.795957317456e-02       1.368136108466e+04 
       2.808809537639e-02       1.354341573925e+04 
       2.821711369275e-02       1.340660505566e+04 
       2.834664181795e-02       1.327098548601e+04 
       2.847669391668e-02       1.313651637538e+04 
       2.860728464466e-02       1.300324929756e+04 
       2.873842917037e-02       1.287129947899e+04 
       2.887014319797e-02       1.274032855784e+04 
       2.900244299152e-02       1.261051108360e+04 
       2.913534540064e-02       1.248147280677e+04 
       2.926886788756e-02       1.235393425798e+04 
       2.940302855578e-02       1.222752838919e+04 
       2.953784618045e-02       1.210222195889e+04 
       2.967334024045e-02       1.197809131055e+04 
       2.980953095255e-02       1.185513360429e+04 
       2.994643930755e-02       1.173330662932e+04 
       3.008408710866e-02       1.161282270060e+04 
       3.022249701229e-02       1.149264340859e+04 
       3.036169257145e-02       1.137410619113e+04 
       3.050169828185e-02       1.125677040804e+04 
       3.064253963106e-02       1.114058456246e+04 
       3.078424315085e-02       1.102553150958e+04 
       3.092683647303e-02       1.091162836578e+04 
       3.107034838901e-02       1.079915171153e+04 
       3.121480891349e-02       1.068750723939e+04 
       3.136024935247e-02       1.057673697328e+04 
       3.150670237608e-02       1.046750067335e+04 
       3.165420209657e-02       1.035931162173e+04 
       3.180278415188e-02       1.025213889553e+04 
       3.195248579536e-02       1.014634216248e+04 
       3.210334599206e-02       1.004137029012e+04 
       3.225540552232e-02       9.937489835270e+03 
       3.240870709323e-02       9.834481946227e+03 
       3.256329545864e-02       9.732699134981e+03 
       3.271921754868e-02       9.632422658062e+03 
       3.287652260956e-02       9.532894064423e+03 
       3.303526235461e-02       9.434954647703e+03 
       3.319549112782e-02       9.337532702629e+03 
       3.335726608097e-02       9.241385060933e+03 
       3.352064736578e-02       9.146218340896e+03 
       3.368569834261e-02       9.052523117578e+03 
       3.385248580743e-02       8.959732202210e+03 
       3.402108023904e-02       8.868021847994e+03 
       3.419155606858e-02       8.777441376092e+03 
       3.436399197398e-02       8.687792458135e+03 
       3.453847120195e-02       8.599353367244e+03 
       3.471508192066e-02       8.512024321061e+03 
       3.489391760677e-02       8.425853691767e+03 
       3.507507747067e-02       8.340753824879e+03 
       3.525866692460e-02       8.256945373599e+03 
       3.544479809892e-02       8.174184320655e+03 
       3.563359041232e-02       8.092496701545e+03 
       3.582517120298e-02       8.011954419611e+03 
       3.601967642852e-02       7.932551609055e+03 
       3.621725144361e-02       7.854254443244e+03 
       3.641805186594e-02       7.777133798535e+03 
       3.662224454244e-02       7.700912165495e+03 
       3.683000862984e-02       7.626161359016e+03 
       3.704153680599e-02       7.552668488981e+03 
       3.725703663090e-02       7.479999768977e+03 
       3.747673207992e-02       7.408706012124e+03 
       3.770086527530e-02       7.338822472065e+03 
       3.792969844718e-02       7.270101113042e+03 
       3.816351616048e-02       7.202558046161e+03 
       3.840262785130e-02       7.136524378920e+03 
       3.864737072466e-02       7.071666086228e+03 
       3.889811307545e-02       7.008232157545e+03 
       3.915525810708e-02       6.946405859835e+03 
       3.941924833741e-02       6.885560933895e+03 
       3.969057070054e-02       6.826645782237e+03 
       3.996976247634e-02       6.769041274951e+03 
       4.025741820863e-02       6.713000657000e+03 
       4.055419780921e-02       6.658543008772e+03 
       4.086083609079e-02       6.605738623596e+03 
       4.117815402883e-02       6.554571183460e+03 
       4.150707212525e-02       6.505458044794e+03 
       4.184862633891e-02       6.458172765995e+03 
       4.220398716474e-02       6.412900405434e+03 
       4.257448259274e-02       6.369840238508e+03 
       4.296162586813e-02       6.329073627210e+03 
       4.336714921612e-02       6.290207464942e+03 
       4.379304500161e-02       6.254451447232e+03 
       4.424161618007e-02       6.220917697485e+03 
       4.471553837290e-02       6.189945471160e+03 
       4.521793647520e-02       6.162218883173e+03 
       4.575247935976e-02       6.137254935768e+03 
       4.632349691811e-02       6.115518418182e+03 
       4.693612421276e-02       6.096491261285e+03 
       4.759647753681e-02       6.080758069663e+03 
       4.831186591304e-02       6.067377490366e+03 
       4.909103748474e-02       6.055979537968e+03 
       4.994445047632e-02       6.045562949080e+03 
       5.088453789212e-02       6.033919532738e+03 
       5.192589599413e-02       6.018302267670e+03 
       5.308525922054e-02       5.993817059722e+03 
       5.438102470172e-02       5.952964299686e+03 
       5.583198299395e-02       5.885216365370e+03 
       5.745489850037e-02       5.777676061892e+03 
       5.926087672291e-02       5.614843180058e+03 
       6.125126781082e-02       5.381323517620e+03 
       6.341494403554e-02       5.070341251051e+03 
       6.572903179187e-02       4.685521906922e+03 
       6.816349126613e-02       4.245210235822e+03 
       7.068735824306e-02       3.779318327548e+03 
       7.327365320342e-02       3.320643269664e+03 
       7.590154269157e-02       2.898874363228e+03 
       7.855624456094e-02       2.535100081430e+03 
       8.122785256220e-02       2.240615075988e+03 
       8.390997088865e-02       2.017846528537e+03 
       8.659856688118e-02       1.862680366119e+03 
       8.929113516821e-02       1.766784671600e+03 
       9.198613327596e-02       1.719504653846e+03 
       9.468261671611e-02       1.709118083733e+03 
       9.738000898491e-02       1.722576024251e+03 
       1.000779587806e-01       1.746947495784e+03 
       1.027762521692e-01       1.768656660271e+03 
       1.054747588480e-01       1.776889751735e+03 
       1.081733993771e-01       1.762960487681e+03 
       1.108721252374e-01       1.722085044754e+03 
       1.135709067068e-01       1.653735763743e+03 
       1.162697254956e-01       1.561917099027e+03 
       1.189685702730e-01       1.452740347161e+03 
       1.216674339499e-01       1.334499526423e+03 
       1.243663120283e-01       1.215709439461e+03 
       1.270652015987e-01       1.103568260168e+03 
       1.297641007291e-01       1.003852421347e+03 
       1.324630080941e-01       9.200156078869e+02 
       1.351619227479e-01       8.536015798957e+02 
       1.378608439859e-01       8.044709939997e+02 
       1.405597712593e-01       7.715791878004e+02 
       1.432587041228e-01       7.524377915924e+02 
       1.459576422022e-01       7.442911404721e+02 
       1.486565851735e-01       7.438509947937e+02 
       1.513555327499e-01       7.475627250658e+02 
       1.540544846735e-01       7.527124220484e+02 
       1.567534407095e-01       7.554301419306e+02 
       1.594524006420e-01       7.529736562549e+02 
       1.621513642720e-01       7.435422849748e+02 
       1.648503314143e-01       7.265009562105e+02 
       1.675493018969e-01       7.021437971583e+02 
       1.702482755588e-01       6.718837727999e+02 
       1.729472522496e-01       6.375494068918e+02 
       1.756462318285e-01       6.012924246159e+02 
       1.783452141631e-01       5.650949445677e+02 
       1.810441991292e-01       5.307994912387e+02 
       1.837431866100e-01       4.996734662242e+02 
       1.864421764954e-01       4.725824777887e+02 
       1.891411686817e-01       4.500820114214e+02 
       1.918401630711e-01       4.322953644246e+02 
       1.945391595714e-01       4.190526189367e+02 
       1.972381580952e-01       4.098265195645e+02 
       1.999371585600e-01       4.038771116921e+02 
       2.026361608878e-01       4.002459016681e+02 
       2.053351650047e-01       3.979208819225e+02 
       2.080341708405e-01       3.958576996477e+02 
       2.107331783288e-01       3.931879656818e+02 
       2.134321874065e-01       3.892379995997e+02 
       2.161311980137e-01       3.835873092610e+02 
       2.188302100934e-01       3.759752934010e+02 
       2.215292235916e-01       3.664872006825e+02 
       2.242282384566e-01       3.553402999789e+02 
       2.269272546395e-01       3.429469302121e+02 
       2.296262720935e-01       3.298410391189e+02 
       2.323252907739e-01       3.165796476049e+02 
       2.350243106384e-01       3.037480444547e+02 
       2.377233316464e-01       2.917859949411e+02 
       2.404223537592e-01       2.810883728641e+02 
       2.431213769397e-01       2.717593571167e+02 
       2.458204011526e-01       2.638850201838e+02 
       2.485194263640e-01       2.573373818522e+02 
       2.512184525417e-01       2.519703719153e+02 
       2.539174796546e-01       2.475886946658e+02 
       2.566165076731e-01       2.439498837565e+02 
       2.593155365688e-01       2.408103277445e+02 
       2.620145663144e-01       2.378857337842e+02 
       2.647135968837e-01       2.349252158325e+02 
       2.674126282518e-01       2.317227162957e+02 
       2.701116603945e-01       2.280980562948e+02 
       2.728106932888e-01       2.239726659072e+02 
       2.755097269125e-01       2.193453737380e+02 
       2.782087612441e-01       2.142891659609e+02 
       2.809077962633e-01       2.089252091568e+02 
       2.836068319503e-01       2.033851752365e+02 
       2.863058682861e-01       1.978233581781e+02 
       2.890049052524e-01       1.923647829219e+02 
       2.917039428318e-01       1.871185249926e+02 
       2.944029810071e-01       1.821883577755e+02 
       2.971020197622e-01       1.776586231403e+02 
       2.998010590813e-01       1.735492819717e+02 
       3.025000989493e-01       1.698888537300e+02 
       3.051991393514e-01       1.666390145446e+02 
       3.078981802736e-01       1.637328582620e+02 
       3.105972217023e-01       1.610902773515e+02 
       3.132962636244e-01       1.586017148168e+02 
       3.159953060271e-01       1.562096356968e+02 
       3.186943488982e-01       1.538596017474e+02 
       3.213933922257e-01       1.514892226619e+02 
       3.240924359984e-01       1.490792596072e+02 
       3.267914802051e-01       1.466156111664e+02 
       3.294905248351e-01       1.440669787344e+02 
       3.321895698779e-01       1.414365828683e+02 
       3.348886153237e-01       1.387346112704e+02 
       3.375876611628e-01       1.359883362554e+02 
       3.402867073856e-01       1.332329658840e+02 
       3.429857539831e-01       1.305066958824e+02 
       3.456848009466e-01       1.278580043347e+02 
       3.483838482674e-01       1.252984798636e+02 
       3.510828959373e-01       1.228432437145e+02 
       3.537819439483e-01       1.205081859181e+02 
       3.564809922926e-01       1.182901900925e+02 
       3.591800409626e-01       1.161926361432e+02 
       3.618790899511e-01       1.142159715290e+02 
       3.645781392509e-01       1.123584822356e+02 
       3.672771888552e-01       1.106069134731e+02 
       3.699762387572e-01       1.089455654604e+02 
       3.726752889505e-01       1.073444875947e+02 
       3.753743394288e-01       1.057733259105e+02 
       3.780733901859e-01       1.042097652139e+02 
       3.807724412160e-01       1.026452267792e+02 
       3.834714925131e-01       1.010730291822e+02 
       3.861705440717e-01       9.949340369758e+01 
       3.888695958864e-01       9.790921368812e+01 
       3.915686479517e-01       9.632187308926e+01 
       3.942677002626e-01       9.473423728891e+01 
       3.969667528140e-01       9.315212358739e+01 
       3.996658056011e-01       9.158745740538e+01 
       4.023648586190e-01       9.004996771878e+01 
       4.050639118632e-01       8.855653910626e+01 
       4.077629653291e-01       8.711996593495e+01 
       4.104620190124e-01       8.574452329799e+01 
       4.131610729087e-01       8.442778186721e+01 
       4.158601270140e-01       8.316600133117e+01 
       4.185591813241e-01       8.194921568946e+01 
       4.212582358351e-01       8.077032142340e+01 
       4.239572905432e-01       7.962243388468e+01 
       4.266563454445e-01       7.850374656565e+01 
       4.293554005356e-01       7.741139361216e+01 
       4.320544558127e-01       7.634081589481e+01 
       4.347535112724e-01       7.528537361213e+01 
       4.374525669114e-01       7.423832942223e+01 
       4.401516227262e-01       7.319684677387e+01 
       4.428506787138e-01       7.215886109236e+01 
       4.455497348708e-01       7.112910190245e+01 
       4.482487911944e-01       7.011262626457e+01 
       4.509478476814e-01       6.911372030952e+01 
       4.536469043289e-01       6.813419220682e+01 
       4.563459611342e-01       6.717368285350e+01 
       4.590450180943e-01       6.623065421644e+01 
       4.617440752066e-01       6.530364856702e+01 
       4.644431324684e-01       6.439418445491e+01 
       4.671421898771e-01       6.350546230752e+01 
       4.890251988933e-01       5.707877978951e+01 
       5.135782159360e-01       5.083931223827e+01 
       5.416916615218e-01       4.480416914831e+01 
       5.747791889476e-01       3.890118727249e+01 
       6.152416347905e-01       3.306291864028e+01 
       6.675020261270e-01       2.717744200583e+01 
       7.404517108092e-01       2.114503133159e+01 
       8.526932916669e-01       1.498560248349e+01 
       1.034526562711e+00       9.309088536289e+00 
       1.296576004371e+00       5.303134431743e+00 
       1.632114635725e+00       2.969073957930e+00 
