# Rescaled matter transfer functions [-T_i(k)/k^2] for adiabatic (AD) mode (normalized to initial curvature=1) at redshift z=0
# for k=9.77578e-06 to 1.80917 h/Mpc,
# number of wavenumbers equal to 517
# T_i   stands for (delta rho_i/rho_i)(k,z) with above normalization 
# The rescaling factor [-1/k^2] with k in 1/Mpc is here to match the CMBFAST/CAMB output convention
#
#
#    1:k (h/Mpc)              2:-T_cdm/k2              3:-T_b/k2                4:-T_g/k2                5:-T_ur/k2               6:-T_ncdm/k2             7:-T_tot/k2          
       9.775781161314e-06       3.766535368322e+10       3.766535368320e+10       5.022045697260e+10       5.022045651891e+10       0.000000000000e+00       3.766972938295e+10 
       2.597253013860e-05       5.355546835032e+09       5.355546834221e+09       7.140618128583e+09       7.140614766423e+09       0.000000000000e+00       5.356168966109e+09 
       4.224506056911e-05       2.038344233050e+09       2.038344230900e+09       2.717498515136e+09       2.717489633540e+09       0.000000000000e+00       2.038580928227e+09 
       5.866262757844e-05       1.067937132202e+09       1.067937128060e+09       1.423351606438e+09       1.423334572702e+09       0.000000000000e+00       1.068060994551e+09 
       7.529609248481e-05       6.570880904571e+08       6.570880836535e+08       8.751922794637e+08       8.751644362327e+08       0.000000000000e+00       6.571640932768e+08 
       9.221891950955e-05       4.455731018251e+08       4.455730916786e+08       5.927196503633e+08       5.926783150867e+08       0.000000000000e+00       4.456243692504e+08 
       1.095082176319e-04       3.225438337084e+08       3.225438194981e+08       4.281324702741e+08       4.280749153214e+08       0.000000000000e+00       3.225806110123e+08 
       1.272458487249e-04       2.447367488812e+08       2.447367298541e+08       3.237429252851e+08       3.236664006810e+08       0.000000000000e+00       2.447642541577e+08 
       1.455196231146e-04       1.924370922264e+08       1.924370675859e+08       2.532602166118e+08       2.531619404247e+08       0.000000000000e+00       1.924582516413e+08 
       1.644246035015e-04       1.556154110144e+08       1.556153799180e+08       2.033075294220e+08       2.031847172019e+08       0.000000000000e+00       1.556319840658e+08 
       1.840645373889e-04       1.287316828751e+08       1.287316444290e+08       1.664938592107e+08       1.663437567150e+08       0.000000000000e+00       1.287447839106e+08 
       2.045534362120e-04       1.085224792607e+08       1.085224325217e+08       1.384640783099e+08       1.382840168583e+08       0.000000000000e+00       1.085328421122e+08 
       2.260173154420e-04       9.296541007484e+07       9.296535403356e+07       1.165182183294e+08       1.163056841149e+08       0.000000000000e+00       9.297353238068e+07 
       2.485961028840e-04       8.075060498873e+07       8.075053860570e+07       9.890837764916e+07       9.866113257454e+07       0.000000000000e+00       8.075683173404e+07 
       2.724457105867e-04       7.100117707539e+07       7.100109926791e+07       8.446610794998e+07       8.418233324034e+07       0.000000000000e+00       7.100575164699e+07 
       2.977402470742e-04       6.311151887762e+07       6.311142853955e+07       7.238816027700e+07       7.206664771402e+07       0.000000000000e+00       6.311461584395e+07 
       3.246743182145e-04       5.665255619648e+07       5.665245223718e+07       6.211163091878e+07       6.175203257659e+07       0.000000000000e+00       5.665430362186e+07 
       3.534653236607e-04       5.131339670641e+07       5.131327809557e+07       5.323787514173e+07       5.284100118834e+07       0.000000000000e+00       5.131389229709e+07 
       3.843555979429e-04       4.686412466517e+07       4.686399049244e+07       4.548487199918e+07       4.505303975216e+07       0.000000000000e+00       4.686344830242e+07 
       4.176141681057e-04       4.313184618111e+07       4.313169586267e+07       3.865681030644e+07       3.819420676120e+07       0.000000000000e+00       4.313007035191e+07 
       4.535378027881e-04       3.998432384370e+07       3.998415678881e+07       3.262361010549e+07       3.213662065346e+07       0.000000000000e+00       3.998152209335e+07 
       4.924509154474e-04       3.731892960365e+07       3.731874602495e+07       2.730602097890e+07       2.680345794574e+07       0.000000000000e+00       3.731518477396e+07 
       5.347037709589e-04       3.505484823510e+07       3.505464886531e+07       2.266255874815e+07       2.215561226599e+07       0.000000000000e+00       3.505025773429e+07 
       5.806683581572e-04       3.312636907576e+07       3.312615156531e+07       1.867517270952e+07       1.817697322008e+07       0.000000000000e+00       3.312104411777e+07 
       6.307312771320e-04       3.147995870139e+07       3.147971798318e+07       1.533357322212e+07       1.485808179113e+07       0.000000000000e+00       3.147402297330e+07 
       6.852831120314e-04       3.007545053061e+07       3.007518915757e+07       1.261884396302e+07       1.217937802890e+07       0.000000000000e+00       3.006904265123e+07 
       7.447040846309e-04       2.887707888396e+07       2.887680210959e+07       1.048056177256e+07       1.008796813986e+07       0.000000000000e+00       2.887033471121e+07 
       8.093463524240e-04       2.785460769557e+07       2.785431944109e+07       8.825869618541e+06       8.486656578805e+06       0.000000000000e+00       2.784763931264e+07 
       8.795140982916e-04       2.698228666847e+07       2.698199269879e+07       7.523395781807e+06       7.238656475715e+06       0.000000000000e+00       2.697517041875e+07 
       9.554434136358e-04       2.623779444346e+07       2.623749697200e+07       6.429735106995e+06       6.195706366510e+06       0.000000000000e+00       2.623056022793e+07 
       1.037284639847e-03       2.560180513154e+07       2.560150640385e+07       5.434285998362e+06       5.244694572125e+06       0.000000000000e+00       2.559445071422e+07 
       1.125089990529e-03       2.505736890763e+07       2.505706676125e+07       4.499747915731e+06       4.348843605516e+06       0.000000000000e+00       2.504988062800e+07 
       1.218808712297e-03       2.458982739685e+07       2.458951987473e+07       3.665727908000e+06       3.549928217392e+06       0.000000000000e+00       2.458221102120e+07 
       1.318290791383e-03       2.418638155511e+07       2.418606486419e+07       2.999519359026e+06       2.916222977556e+06       0.000000000000e+00       2.417866906801e+07 
       1.423298615328e-03       2.383602571260e+07       2.383569570434e+07       2.523236230107e+06       2.467938380453e+06       0.000000000000e+00       2.382826001481e+07 
       1.533524567277e-03       2.352937203606e+07       2.352902533365e+07       2.181211102316e+06       2.146176423372e+06       0.000000000000e+00       2.352158021007e+07 
       1.648611707673e-03       2.325852283139e+07       2.325815759233e+07       1.885249664536e+06       1.861766889919e+06       0.000000000000e+00       2.325070536945e+07 
       1.768174652003e-03       2.301685388861e+07       2.301646926321e+07       1.593984919114e+06       1.575996138583e+06       0.000000000000e+00       2.300900054500e+07 
       1.891818342425e-03       2.279890326295e+07       2.279849848834e+07       1.336369789762e+06       1.321300716561e+06       0.000000000000e+00       2.279101636946e+07 
       2.019153313918e-03       2.260023061850e+07       2.259980570043e+07       1.152151443443e+06       1.138455982774e+06       0.000000000000e+00       2.259232882200e+07 
       2.149806949837e-03       2.241713121223e+07       2.241668369199e+07       1.028579065267e+06       1.014087388641e+06       0.000000000000e+00       2.240922745440e+07 
       2.283430902070e-03       2.224669881271e+07       2.224622628977e+07       9.165508126023e+05       9.000125874722e+05       0.000000000000e+00       2.223879012433e+07 
       2.419705252520e-03       2.208657261212e+07       2.208607297619e+07       7.957484316361e+05       7.783423270373e+05       0.000000000000e+00       2.207865040173e+07 
       2.558340149477e-03       2.193480220359e+07       2.193427172696e+07       6.907405483641e+05       6.742241261507e+05       0.000000000000e+00       2.192686558782e+07 
       2.699075641304e-03       2.178991605282e+07       2.178935335382e+07       6.207279579624e+05       6.049853789545e+05       0.000000000000e+00       2.178197343121e+07 
       2.841680328094e-03       2.165068281902e+07       2.165008640582e+07       5.670919934356e+05       5.513676302192e+05       0.000000000000e+00       2.164273633001e+07 
       2.985949317533e-03       2.151606591491e+07       2.151543263358e+07       5.055512042001e+05       4.909407698381e+05       0.000000000000e+00       2.150810819797e+07 
       3.131701839485e-03       2.138534954128e+07       2.138467850088e+07       4.425181733236e+05       4.235160850331e+05       0.000000000000e+00       2.137737704169e+07 
       3.278778761743e-03       2.125785637092e+07       2.125714470185e+07       3.969809978467e+05       3.687967611519e+05       0.000000000000e+00       2.124987051169e+07 
       3.427040162086e-03       2.113310250444e+07       2.113234817623e+07       3.661104826317e+05       3.352539930755e+05       0.000000000000e+00       2.112510634047e+07 
       3.576363048052e-03       2.101068774451e+07       2.100988905257e+07       3.336342185661e+05       3.054751952493e+05       0.000000000000e+00       2.100267896219e+07 
       3.726639271640e-03       2.089028677814e+07       2.088944219012e+07       2.990379877705e+05       2.722108475895e+05       0.000000000000e+00       2.088226221034e+07 
       3.877773657005e-03       2.077153879610e+07       2.077064430679e+07       2.738021522410e+05       2.462377442738e+05       0.000000000000e+00       2.076349683035e+07 
       4.029682340973e-03       2.065433296469e+07       2.065338799648e+07       2.568757061649e+05       2.297519281648e+05       0.000000000000e+00       2.064627554995e+07 
       4.182291315529e-03       2.053845992301e+07       2.053746257502e+07       2.368009624914e+05       2.124304763135e+05       0.000000000000e+00       2.053038392690e+07 
       4.335535155842e-03       2.042373424536e+07       2.042268170508e+07       2.133704919559e+05       1.922495177217e+05       0.000000000000e+00       2.041563535767e+07 
       4.489355915027e-03       2.030999260111e+07       2.030888214814e+07       1.780780991875e+05       1.757871560570e+05       0.000000000000e+00       2.030186584572e+07 
       4.643702166521e-03       2.019721242364e+07       2.019604217256e+07       1.655963395687e+05       1.634659766815e+05       0.000000000000e+00       2.018906087006e+07 
       4.798528175755e-03       2.008537365642e+07       2.008414295584e+07       1.542951170522e+05       1.523101416210e+05       0.000000000000e+00       2.007719673465e+07 
       4.953793184242e-03       1.997429244293e+07       1.997299833112e+07       1.440344264214e+05       1.421814527424e+05       0.000000000000e+00       1.996608728902e+07 
       5.109460790908e-03       1.986395588343e+07       1.986259641224e+07       1.346952283346e+05       1.329624009912e+05       0.000000000000e+00       1.985572060985e+07 
       5.265498417226e-03       1.975428050079e+07       1.975285293752e+07       1.261741886477e+05       1.245509825682e+05       0.000000000000e+00       1.974601242902e+07 
       5.421876844454e-03       1.964529872864e+07       1.964380206497e+07       1.183822356484e+05       1.168592715083e+05       0.000000000000e+00       1.963699686173e+07 
       5.578569812781e-03       1.953689302942e+07       1.953532488606e+07       1.112409207239e+05       1.098098286866e+05       0.000000000000e+00       1.952855501372e+07 
       5.735553673634e-03       1.942907342847e+07       1.942743185461e+07       1.046823466463e+05       1.033356297025e+05       0.000000000000e+00       1.942069731162e+07 
       5.892807087635e-03       1.932181265602e+07       1.932009526843e+07       9.864688040124e+04       9.737780866853e+04       0.000000000000e+00       1.931339604222e+07 
       6.050310761758e-03       1.921505512773e+07       1.921326040768e+07       9.308214156145e+04       9.188465974940e+04       0.000000000000e+00       1.920659648659e+07 
       6.208047220197e-03       1.910882933543e+07       1.910695543378e+07       8.794244087164e+04       8.681108188623e+04       0.000000000000e+00       1.910032678050e+07 
       6.366000604249e-03       1.900307476479e+07       1.900111971192e+07       8.318616993467e+04       8.211599911065e+04       0.000000000000e+00       1.899452629584e+07 
       6.524156497201e-03       1.889780208474e+07       1.889576373926e+07       7.877769775154e+04       7.776424124751e+04       0.000000000000e+00       1.888920551376e+07 
       6.682501770796e-03       1.879295137599e+07       1.879082787696e+07       7.468478575152e+04       7.372398391202e+04       0.000000000000e+00       1.878430480504e+07 
       6.841024450364e-03       1.868856603196e+07       1.868635540680e+07       7.087927718790e+04       6.996743373028e+04       0.000000000000e+00       1.867986742660e+07 
       6.999713596108e-03       1.858456877272e+07       1.858226947593e+07       6.733519857769e+04       6.646894918435e+04       0.000000000000e+00       1.857581654337e+07 
       7.158559198415e-03       1.848057479495e+07       1.847818460745e+07       6.402835111270e+04       6.320464771510e+04       0.000000000000e+00       1.847176680441e+07 
       7.317552085344e-03       1.837741887787e+07       1.837493638006e+07       6.094218605113e+04       6.015818656061e+04       0.000000000000e+00       1.836855349148e+07 
       7.476683840730e-03       1.827464232381e+07       1.827206548930e+07       5.805650030716e+04       5.730962723675e+04       0.000000000000e+00       1.826571745317e+07 
       7.635946731540e-03       1.817226665499e+07       1.816959365000e+07       5.535408545833e+04       5.464197533166e+04       0.000000000000e+00       1.816328039079e+07 
       7.795333643323e-03       1.807033792458e+07       1.806756700691e+07       5.282111988447e+04       5.214159425023e+04       0.000000000000e+00       1.806128842822e+07 
       7.954838022739e-03       1.796871827161e+07       1.796584750967e+07       5.044389318484e+04       4.979495061875e+04       0.000000000000e+00       1.795960355845e+07 
       8.114453826313e-03       1.786745226515e+07       1.786447981166e+07       4.821010388855e+04       4.758989823997e+04       0.000000000000e+00       1.785827041503e+07 
       8.274175474635e-03       1.776656075398e+07       1.776348490199e+07       4.610881232850e+04       4.551563783182e+04       0.000000000000e+00       1.775730997597e+07 
       8.433997811392e-03       1.766598604427e+07       1.766280504536e+07       4.413016133608e+04       4.356244114818e+04       0.000000000000e+00       1.765666452267e+07 
       8.593916066622e-03       1.756574965674e+07       1.756246188955e+07       4.226518049808e+04       4.172145336793e+04       0.000000000000e+00       1.755635569226e+07 
       8.753925823735e-03       1.746583896907e+07       1.746244275307e+07       4.050562220336e+04       3.998453323687e+04       0.000000000000e+00       1.745637080481e+07 
       8.914022989845e-03       1.736631374867e+07       1.736280751125e+07       3.884350592728e+04       3.834379749660e+04       0.000000000000e+00       1.735676971201e+07 
       9.074203769049e-03       1.726704533984e+07       1.726342745171e+07       3.727233606328e+04       3.679284023087e+04       0.000000000000e+00       1.725742374409e+07 
       9.234464638324e-03       1.716808571634e+07       1.716435437734e+07       3.578579192373e+04       3.532542069720e+04       0.000000000000e+00       1.715838468370e+07 
       9.394802325744e-03       1.706941572707e+07       1.706556921585e+07       3.437809585839e+04       3.393583571846e+04       0.000000000000e+00       1.705963346319e+07 
       9.555213790786e-03       1.697102688851e+07       1.696706363090e+07       3.304395450036e+04       3.261886005588e+04       0.000000000000e+00       1.696116174728e+07 
       9.715696206471e-03       1.687301884572e+07       1.686893717310e+07       3.177812988916e+04       3.136931781726e+04       0.000000000000e+00       1.686306905008e+07 
       9.876246943173e-03       1.677527504423e+07       1.677107315037e+07       3.057652139788e+04       3.018316669250e+04       0.000000000000e+00       1.676523871875e+07 
       1.003686355391e-02       1.667778924434e+07       1.667346561490e+07       2.943494837832e+04       2.905627929064e+04       0.000000000000e+00       1.666766480612e+07 
       1.019754376097e-02       1.658056846994e+07       1.657612156160e+07       2.834959472409e+04       2.798488826006e+04       0.000000000000e+00       1.657035430333e+07 
       1.035828544370e-02       1.648361282484e+07       1.647904121378e+07       2.731698789258e+04       2.696556599588e+04       0.000000000000e+00       1.647330743239e+07 
       1.051908662744e-02       1.638689877220e+07       1.638220102292e+07       2.633389200748e+04       2.599511862630e+04       0.000000000000e+00       1.637650065189e+07 
       1.067994547333e-02       1.629045555885e+07       1.628563012166e+07       2.539702672348e+04       2.507030501760e+04       0.000000000000e+00       1.627996308317e+07 
       1.084086026909e-02       1.619427495196e+07       1.618932049305e+07       2.450383573042e+04       2.418860382784e+04       0.000000000000e+00       1.618368671119e+07 
       1.100182942051e-02       1.609845954114e+07       1.609337445134e+07       2.365169210069e+04       2.334742016209e+04       0.000000000000e+00       1.608777381362e+07 
       1.116285144370e-02       1.600273926057e+07       1.599752217988e+07       2.283830060696e+04       2.254449271157e+04       0.000000000000e+00       1.599195466707e+07 
       1.132392495798e-02       1.590726810628e+07       1.590191781738e+07       2.206138252576e+04       2.177756946754e+04       0.000000000000e+00       1.589638335572e+07 
       1.148504867934e-02       1.581201217777e+07       1.580652711717e+07       2.131882400965e+04       2.104456377745e+04       0.000000000000e+00       1.580102564412e+07 
       1.164622141443e-02       1.571698805892e+07       1.571136683237e+07       2.060872929339e+04       2.034360426911e+04       0.000000000000e+00       1.570589827888e+07 
       1.180744205510e-02       1.562218946815e+07       1.561643079168e+07       1.992929585646e+04       1.967291163441e+04       0.000000000000e+00       1.561099509024e+07 
       1.196870957327e-02       1.552759706738e+07       1.552169954440e+07       1.927882215837e+04       1.903080620813e+04       0.000000000000e+00       1.551629663367e+07 
       1.213002301629e-02       1.543322032332e+07       1.542718271980e+07       1.865575612337e+04       1.841575586711e+04       0.000000000000e+00       1.542181253457e+07 
       1.229138150264e-02       1.533904172428e+07       1.533286265719e+07       1.805861548901e+04       1.782629740774e+04       0.000000000000e+00       1.532752513786e+07 
       1.245278421797e-02       1.524506825715e+07       1.523874651821e+07       1.748605036453e+04       1.726109926322e+04       0.000000000000e+00       1.523344160224e+07 
       1.261423041144e-02       1.515129257299e+07       1.514482681294e+07       1.693671981816e+04       1.671883558616e+04       0.000000000000e+00       1.513955443994e+07 
       1.277571939232e-02       1.505772172689e+07       1.505111075473e+07       1.640948267229e+04       1.619838104974e+04       0.000000000000e+00       1.504587086138e+07 
       1.293725052690e-02       1.496434321022e+07       1.495758576030e+07       1.590320683827e+04       1.569861815528e+04       0.000000000000e+00       1.495237828729e+07 
       1.309882323562e-02       1.487115846659e+07       1.486425334557e+07       1.541684605774e+04       1.521851413735e+04       0.000000000000e+00       1.485907823267e+07 
       1.326043699037e-02       1.477816091617e+07       1.477110666038e+07       1.494927773973e+04       1.475695893637e+04       0.000000000000e+00       1.476596384940e+07 
       1.342209131205e-02       1.468534580958e+07       1.467814146680e+07       1.449983017267e+04       1.431329338975e+04       0.000000000000e+00       1.467303090076e+07 
       1.358378576828e-02       1.459270740883e+07       1.458535180047e+07       1.406749104764e+04       1.388651621129e+04       0.000000000000e+00       1.458027342415e+07 
       1.374551997130e-02       1.450025034640e+07       1.449274236881e+07       1.365144371580e+04       1.347582125794e+04       0.000000000000e+00       1.448769612503e+07 
       1.390729357604e-02       1.440797107265e+07       1.440030962612e+07       1.325091127154e+04       1.308044161835e+04       0.000000000000e+00       1.439529545868e+07 
       1.406910627825e-02       1.431586100388e+07       1.430804498056e+07       1.286515694225e+04       1.269964999774e+04       0.000000000000e+00       1.430306283602e+07 
       1.423095781290e-02       1.422392542010e+07       1.421595379638e+07       1.249349854247e+04       1.233277298607e+04       0.000000000000e+00       1.421100361916e+07 
       1.439284795260e-02       1.413215027469e+07       1.412402190790e+07       1.213527535436e+04       1.197915836475e+04       0.000000000000e+00       1.411910364715e+07 
       1.455477650618e-02       1.404054506317e+07       1.403225904651e+07       1.178982845639e+04       1.163815538315e+04       0.000000000000e+00       1.402737264776e+07 
       1.471674331733e-02       1.394909583275e+07       1.394065106633e+07       1.145664734240e+04       1.130926053270e+04       0.000000000000e+00       1.393579647985e+07 
       1.487874826344e-02       1.385781825401e+07       1.384921386848e+07       1.113517331328e+04       1.099192216189e+04       0.000000000000e+00       1.384439103881e+07 
       1.504079125440e-02       1.376669654862e+07       1.375793156345e+07       1.082487676742e+04       1.068561748231e+04       0.000000000000e+00       1.375314044049e+07 
       1.520287223161e-02       1.367573413120e+07       1.366680756593e+07       1.052526414098e+04       1.038985923818e+04       0.000000000000e+00       1.366204809821e+07 
       1.536499116699e-02       1.358492475588e+07       1.357583563047e+07       1.023586889891e+04       1.010418690098e+04       0.000000000000e+00       1.357110776854e+07 
       1.552714806210e-02       1.349427226057e+07       1.348501969387e+07       9.956269481351e+03       9.828184409736e+03       0.000000000000e+00       1.348032338676e+07 
       1.568934294728e-02       1.340377517452e+07       1.339435834063e+07       9.686048104490e+03       9.561439350487e+03       0.000000000000e+00       1.338969353772e+07 
       1.585157588098e-02       1.331341590138e+07       1.330383384817e+07       9.424829108518e+03       9.303581373826e+03       0.000000000000e+00       1.329920050489e+07 
       1.601384694900e-02       1.322321560630e+07       1.321346769780e+07       9.172227008818e+03       9.054229543147e+03       0.000000000000e+00       1.320886576196e+07 
       1.617615626387e-02       1.313316162331e+07       1.312324690422e+07       8.927792343160e+03       8.812939202243e+03       0.000000000000e+00       1.311867632798e+07 
       1.633850396429e-02       1.304326500037e+07       1.303318273134e+07       8.691302198926e+03       8.579491649017e+03       0.000000000000e+00       1.302864346289e+07 
       1.650089021459e-02       1.295351393479e+07       1.294326335813e+07       8.462370911978e+03       8.353505283346e+03       0.000000000000e+00       1.293875534961e+07 
       1.666331520425e-02       1.286390409325e+07       1.285348443097e+07       8.240722592271e+03       8.134708241834e+03       0.000000000000e+00       1.284900763597e+07 
       1.682577914748e-02       1.277424351179e+07       1.276365460467e+07       8.025957798452e+03       7.922706110647e+03       0.000000000000e+00       1.275920904331e+07 
       1.698828228279e-02       1.268491537653e+07       1.267415597048e+07       7.818047379331e+03       7.717470651006e+03       0.000000000000e+00       1.266974152972e+07 
       1.715082487271e-02       1.259573078527e+07       1.258480028875e+07       7.616596090162e+03       7.518611260285e+03       0.000000000000e+00       1.258041692101e+07 
       1.731340720341e-02       1.250670720407e+07       1.249560501008e+07       7.421309663341e+03       7.325837021020e+03       0.000000000000e+00       1.249125266159e+07 
       1.747602958446e-02       1.241755592543e+07       1.240628217334e+07       7.231718841439e+03       7.138684538391e+03       0.000000000000e+00       1.240196089053e+07 
       1.763869234858e-02       1.232861216209e+07       1.231716518058e+07       7.047958934406e+03       6.957288628853e+03       0.000000000000e+00       1.231287489375e+07 
       1.780139585144e-02       1.223999881867e+07       1.222837830804e+07       6.869896842578e+03       6.781517270237e+03       0.000000000000e+00       1.222411890410e+07 
       1.796414047150e-02       1.215152094029e+07       1.213972628175e+07       6.697144965012e+03       6.610987843650e+03       0.000000000000e+00       1.213549771555e+07 
       1.812692660982e-02       1.206318364939e+07       1.205121432989e+07       6.529508898314e+03       6.445508446181e+03       0.000000000000e+00       1.204701655438e+07 
       1.828975468998e-02       1.197506240802e+07       1.196291746476e+07       6.366843455622e+03       6.284935634292e+03       0.000000000000e+00       1.195875040672e+07 
       1.845262515801e-02       1.188700085439e+07       1.187468029548e+07       6.208875222301e+03       6.128999730662e+03       0.000000000000e+00       1.187054393572e+07 
       1.861553848227e-02       1.179907582783e+07       1.178657917622e+07       6.055480790214e+03       5.977578822739e+03       0.000000000000e+00       1.178247346892e+07 
       1.877849515347e-02       1.171131308785e+07       1.169863992240e+07       5.906461283317e+03       5.830476180557e+03       0.000000000000e+00       1.169456481266e+07 
       1.894149568463e-02       1.162368839938e+07       1.161083826230e+07       5.761730470036e+03       5.687607358946e+03       0.000000000000e+00       1.160679370366e+07 
       1.910454061111e-02       1.153618213903e+07       1.152315498494e+07       5.621069054360e+03       5.548755474759e+03       0.000000000000e+00       1.151914093755e+07 
       1.926763049063e-02       1.144882915245e+07       1.143562425342e+07       5.484371784116e+03       5.413816747082e+03       0.000000000000e+00       1.143164066549e+07 
       1.943076590335e-02       1.136158424422e+07       1.134820247875e+07       5.351470730897e+03       5.282625400294e+03       0.000000000000e+00       1.134424931362e+07 
       1.959394745191e-02       1.127451284393e+07       1.126095263102e+07       5.222279855390e+03       5.155096521745e+03       0.000000000000e+00       1.125702983006e+07 
       1.975717576160e-02       1.118758016937e+07       1.117384117740e+07       5.096647934852e+03       5.031080822747e+03       0.000000000000e+00       1.116994869362e+07 
       1.992045148042e-02       1.110079170850e+07       1.108687366598e+07       4.974456099253e+03       4.910460961797e+03       0.000000000000e+00       1.108301145040e+07 
       2.008377527925e-02       1.101414375871e+07       1.100004638559e+07       4.855586193565e+03       4.793120302948e+03       0.000000000000e+00       1.099621439049e+07 
       2.024714785200e-02       1.092763735103e+07       1.091336039584e+07       4.739927015879e+03       4.678949073886e+03       0.000000000000e+00       1.090955857309e+07 
       2.041056991582e-02       1.084127571516e+07       1.082681895843e+07       4.627372809089e+03       4.567842876990e+03       0.000000000000e+00       1.082304725873e+07 
       2.057404221128e-02       1.075508141538e+07       1.074044462150e+07       4.517838715965e+03       4.459717923506e+03       0.000000000000e+00       1.073670298766e+07 
       2.073756550259e-02       1.066901009202e+07       1.065419308711e+07       4.411188655310e+03       4.354439913912e+03       0.000000000000e+00       1.065048147733e+07 
       2.090114057784e-02       1.058308644126e+07       1.056808906285e+07       4.307348253004e+03       4.251935420407e+03       0.000000000000e+00       1.056440742670e+07 
       2.106476824926e-02       1.049730969677e+07       1.048213179313e+07       4.206226032893e+03       4.152114142724e+03       0.000000000000e+00       1.047848008040e+07 
       2.122844935352e-02       1.041167331923e+07       1.039631469311e+07       4.107731795173e+03       4.054887040586e+03       0.000000000000e+00       1.039269285586e+07 
       2.139218475198e-02       1.032621276161e+07       1.031067353323e+07       4.011821848860e+03       3.960211262128e+03       0.000000000000e+00       1.030708151104e+07 
       2.155597533102e-02       1.024087901031e+07       1.022515856466e+07       3.918266371891e+03       3.867858761112e+03       0.000000000000e+00       1.022159631437e+07 
       2.171982200239e-02       1.015570578434e+07       1.013980437168e+07       3.827191101559e+03       3.777955276335e+03       0.000000000000e+00       1.013627183812e+07 
       2.188372570353e-02       1.007071097830e+07       1.005462879478e+07       3.738442879288e+03       3.690348895011e+03       0.000000000000e+00       1.005112591650e+07 
       2.204768739797e-02       9.986147073158e+06       9.969883980941e+06       3.652038870495e+03       3.605056347708e+03       0.000000000000e+00       9.966410608614e+06 
       2.221170807567e-02       9.901467127101e+06       9.885023105469e+06       3.567702937329e+03       3.521805441262e+03       0.000000000000e+00       9.881579280270e+06 
       2.237578875346e-02       9.816939949964e+06       9.800315015754e+06       3.485477486828e+03       3.440637896776e+03       0.000000000000e+00       9.796900685167e+06 
       2.253993047543e-02       9.732562689371e+06       9.715756950087e+06       3.405263437400e+03       3.361455679613e+03       0.000000000000e+00       9.712372062522e+06 
       2.270413431339e-02       9.648344986933e+06       9.631358543948e+06       3.327045953700e+03       3.284244434478e+03       0.000000000000e+00       9.628003044451e+06 
       2.286840136734e-02       9.564292128316e+06       9.547126232229e+06       3.250752285764e+03       3.208932240036e+03       0.000000000000e+00       9.543800063577e+06 
       2.303273276591e-02       9.480395756795e+06       9.463049463041e+06       3.176323656537e+03       3.135461101768e+03       0.000000000000e+00       9.459752571674e+06 
       2.319712966688e-02       9.396662597604e+06       9.379136064468e+06       3.103715880346e+03       3.063787460772e+03       0.000000000000e+00       9.375868394079e+06 
       2.336159325767e-02       9.313091871992e+06       9.295385347327e+06       3.032842619514e+03       2.993825863567e+03       0.000000000000e+00       9.292146841818e+06 
       2.352612475590e-02       9.229682557978e+06       9.211795235599e+06       2.963676716084e+03       2.925549674898e+03       0.000000000000e+00       9.208585839591e+06 
       2.369072540995e-02       9.146301235124e+06       9.128235161966e+06       2.896175204435e+03       2.858916930563e+03       0.000000000000e+00       9.125054865560e+06 
       2.385539649946e-02       9.063222235900e+06       9.044976716646e+06       2.830295855989e+03       2.793885159241e+03       0.000000000000e+00       9.041825415283e+06 
       2.402013933604e-02       8.980304892095e+06       8.961880144130e+06       2.765982513714e+03       2.730399290849e+03       0.000000000000e+00       8.958757781937e+06 
       2.418495526376e-02       8.897580853403e+06       8.878977290374e+06       2.703183107823e+03       2.668407781494e+03       0.000000000000e+00       8.875883800359e+06 
       2.434984565986e-02       8.815028901158e+06       8.796246792917e+06       2.641856145209e+03       2.607869732233e+03       0.000000000000e+00       8.793182115519e+06 
       2.451481193541e-02       8.732638063910e+06       8.713677589743e+06       2.581961431372e+03       2.548745515744e+03       0.000000000000e+00       8.710641669246e+06 
       2.467985553591e-02       8.650193501895e+06       8.631055510127e+06       2.523403143802e+03       2.490940698391e+03       0.000000000000e+00       8.628048365417e+06 
       2.484497794209e-02       8.568156267206e+06       8.548840657361e+06       2.466273462607e+03       2.434546053719e+03       0.000000000000e+00       8.545862147008e+06 
       2.501018067054e-02       8.486257969980e+06       8.466765074504e+06       2.410379352542e+03       2.379370536074e+03       0.000000000000e+00       8.463815150397e+06 
       2.517546527451e-02       8.404590316449e+06       8.384920652834e+06       2.355848071491e+03       2.325540795434e+03       0.000000000000e+00       8.381999234880e+06 
       2.534083334466e-02       8.323113481374e+06       8.303267547387e+06       2.302567983153e+03       2.272946156554e+03       0.000000000000e+00       8.300374569340e+06 
       2.550628650984e-02       8.241811171883e+06       8.221789265786e+06       2.250493839752e+03       2.221541900022e+03       0.000000000000e+00       8.218924667133e+06 
       2.567182643794e-02       8.160707425158e+06       8.140510145020e+06       2.199607337203e+03       2.171310024338e+03       0.000000000000e+00       8.137673856759e+06 
       2.583745483670e-02       8.079781004973e+06       8.059408726539e+06       2.149868467601e+03       2.122211018473e+03       0.000000000000e+00       8.056600687134e+06 
       2.600317345456e-02       7.999053275168e+06       7.978506584602e+06       2.101252029779e+03       2.074220005390e+03       0.000000000000e+00       7.975726724988e+06 
       2.616898408162e-02       7.918521670495e+06       7.897801123289e+06       2.053727258978e+03       2.027306616155e+03       0.000000000000e+00       7.895049375295e+06 
       2.633488855051e-02       7.838179983675e+06       7.817286087529e+06       2.007263452888e+03       1.981440543469e+03       0.000000000000e+00       7.814562385154e+06 
       2.650088873732e-02       7.758048177356e+06       7.736981622647e+06       1.961837608783e+03       1.936599080558e+03       0.000000000000e+00       7.734285892861e+06 
       2.666698656266e-02       7.678142049168e+06       7.656903285277e+06       1.917438184913e+03       1.892770909263e+03       0.000000000000e+00       7.654235449624e+06 
       2.683318399259e-02       7.598390353494e+06       7.576979999036e+06       1.873996554247e+03       1.849888130884e+03       0.000000000000e+00       7.574340003807e+06 
       2.699948303968e-02       7.518855066436e+06       7.497273897109e+06       1.831515231613e+03       1.807953308483e+03       0.000000000000e+00       7.494661666940e+06 
       2.716588576410e-02       7.439527028532e+06       7.417775720836e+06       1.789967024376e+03       1.766939599320e+03       0.000000000000e+00       7.415191183583e+06 
       2.733239427471e-02       7.360385103199e+06       7.338464153894e+06       1.749322739798e+03       1.726818186139e+03       0.000000000000e+00       7.335907244831e+06 
       2.749901073020e-02       7.281468784251e+06       7.259379050718e+06       1.709568582186e+03       1.687575450682e+03       0.000000000000e+00       7.256849691223e+06 
       2.766573734024e-02       7.202748728654e+06       7.180490806496e+06       1.670679547210e+03       1.649186767661e+03       0.000000000000e+00       7.177988928258e+06 
       2.783257636670e-02       7.124252178548e+06       7.101826902919e+06       1.632631078230e+03       1.611627785873e+03       0.000000000000e+00       7.099352428039e+06 
       2.799953012492e-02       7.045962660005e+06       7.023370731550e+06       1.595404803098e+03       1.574880450187e+03       0.000000000000e+00       7.020923587913e+06 
       2.816660098494e-02       6.967893541981e+06       6.945135768398e+06       1.558978260059e+03       1.538922534003e+03       0.000000000000e+00       6.942715879181e+06 
       2.833379137284e-02       6.890036150950e+06       6.867113277236e+06       1.523331683189e+03       1.503734551198e+03       0.000000000000e+00       6.864720568656e+06 
       2.850110377212e-02       6.812408630339e+06       6.789321553383e+06       1.488449702797e+03       1.469301330152e+03       0.000000000000e+00       6.786955945275e+06 
       2.866854072506e-02       6.735015076263e+06       6.711764495458e+06       1.454298210682e+03       1.435589037243e+03       0.000000000000e+00       6.709425906287e+06 
       2.883610483421e-02       6.657825639672e+06       6.634412441139e+06       1.420882943882e+03       1.402603649263e+03       0.000000000000e+00       6.632100799709e+06 
       2.900379876384e-02       6.580871150516e+06       6.557296285403e+06       1.388178013609e+03       1.370319459892e+03       0.000000000000e+00       6.555011509742e+06 
       2.917162524147e-02       6.504104019117e+06       6.480368301261e+06       1.356178044923e+03       1.338731381970e+03       0.000000000000e+00       6.478110326028e+06 
       2.933958705949e-02       6.427606968945e+06       6.403711408026e+06       1.324840883135e+03       1.307797380656e+03       0.000000000000e+00       6.401480138967e+06 
       2.950768707675e-02       6.351324381364e+06       6.327269742541e+06       1.294159186218e+03       1.277510412337e+03       0.000000000000e+00       6.325065104868e+06 
       2.967592822028e-02       6.275277960554e+06       6.251065218415e+06       1.264121731974e+03       1.247859400300e+03       0.000000000000e+00       6.248887129701e+06 
       2.984431348698e-02       6.199479853868e+06       6.175109750464e+06       1.234690194572e+03       1.218806294988e+03       0.000000000000e+00       6.172958124115e+06 
       3.001284594543e-02       6.123934560810e+06       6.099408655471e+06       1.205898379783e+03       1.190384879987e+03       0.000000000000e+00       6.097283403048e+06 
       3.018152873772e-02       6.048590065444e+06       6.023908998169e+06       1.177700597891e+03       1.162549875099e+03       0.000000000000e+00       6.021810049671e+06 
       3.035036508138e-02       5.973513452516e+06       5.948678445988e+06       1.150096924915e+03       1.135301353864e+03       0.000000000000e+00       5.946605707828e+06 
       3.051935827131e-02       5.898655670879e+06       5.873667799595e+06       1.123046797156e+03       1.108599156863e+03       0.000000000000e+00       5.871621195319e+06 
       3.068851168182e-02       5.824276281703e+06       5.799136335164e+06       1.096608577117e+03       1.082500949914e+03       0.000000000000e+00       5.797115697977e+06 
       3.085782876872e-02       5.749920703103e+06       5.724629876779e+06       1.070674592700e+03       1.056900598041e+03       0.000000000000e+00       5.722635198136e+06 
       3.102731307147e-02       5.675828587953e+06       5.650388126074e+06       1.045278206958e+03       1.031830932504e+03       0.000000000000e+00       5.648419313901e+06 
       3.119696821539e-02       5.602001942257e+06       5.576412899048e+06       1.020445814979e+03       1.007318521826e+03       0.000000000000e+00       5.574469860648e+06 
       3.136679791401e-02       5.528390544190e+06       5.502653988743e+06       9.960747354706e+02       9.832609367373e+02       0.000000000000e+00       5.500736648881e+06 
       3.153680597140e-02       5.455062189303e+06       5.429179457632e+06       9.721989931893e+02       9.596922151057e+02       0.000000000000e+00       5.427287717363e+06 
       3.170699628461e-02       5.381907175820e+06       5.355880032251e+06       9.487901404737e+02       9.365842734409e+02       0.000000000000e+00       5.354013830702e+06 
       3.187737284625e-02       5.309081031371e+06       5.282909864217e+06       9.258873180380e+02       9.139760871359e+02       0.000000000000e+00       5.281069086810e+06 
       3.204793974707e-02       5.236505488524e+06       5.210191746373e+06       9.034524433244e+02       8.918298507522e+02       0.000000000000e+00       5.208376305420e+06 
       3.221870117870e-02       5.164076990145e+06       5.137622147024e+06       8.814520012335e+02       8.701124606675e+02       0.000000000000e+00       5.135831990908e+06 
       3.238966143639e-02       5.092141435552e+06       5.065546233003e+06       8.599428292234e+02       8.488800235818e+02       0.000000000000e+00       5.063781189833e+06 
       3.256082492194e-02       5.020377422346e+06       4.993643282377e+06       8.388442716166e+02       8.280528509055e+02       0.000000000000e+00       4.991903292009e+06 
       3.273219614671e-02       4.948742750908e+06       4.921871652818e+06       8.181534455244e+02       8.076282236725e+02       0.000000000000e+00       4.920156669618e+06 
       3.290377973465e-02       4.877489170803e+06       4.850481660972e+06       7.979017354204e+02       7.876370593802e+02       0.000000000000e+00       4.848791552082e+06 
       3.307558042554e-02       4.806527101535e+06       4.779384457271e+06       7.780644773681e+02       7.680550253650e+02       0.000000000000e+00       4.777719120786e+06 
       3.324760307830e-02       4.735798964161e+06       4.708522396916e+06       7.586026814292e+02       7.488434941392e+02       0.000000000000e+00       4.706881751011e+06 
       3.341985267439e-02       4.665377688480e+06       4.637968603473e+06       7.395546443814e+02       7.300405085163e+02       0.000000000000e+00       4.636352540848e+06 
       3.359233432137e-02       4.595235462888e+06       4.567695251844e+06       7.208909699529e+02       7.116169437872e+02       0.000000000000e+00       4.566103674888e+06 
       3.376505325658e-02       4.525364929031e+06       4.497694922500e+06       7.026021370199e+02       6.935634013307e+02       0.000000000000e+00       4.496127736184e+06 
       3.393801485090e-02       4.455785470015e+06       4.427987120455e+06       6.846795998897e+02       6.758714154190e+02       0.000000000000e+00       4.426444222950e+06 
       3.411122461274e-02       4.386481985884e+06       4.358556682079e+06       6.671175364163e+02       6.585352776412e+02       0.000000000000e+00       4.357037976837e+06 
       3.428468819210e-02       4.317458718254e+06       4.289407861622e+06       6.499076048657e+02       6.415467425683e+02       0.000000000000e+00       4.287913250610e+06 
       3.445841138478e-02       4.248722894690e+06       4.220547962617e+06       6.330438177181e+02       6.248999036680e+02       0.000000000000e+00       4.219077345256e+06 
       3.463240013678e-02       4.180267389091e+06       4.151969779158e+06       6.165168351608e+02       6.085855333810e+02       0.000000000000e+00       4.150523057375e+06 
       3.480666054884e-02       4.112126950260e+06       4.083708235407e+06       6.003270084946e+02       5.926039954828e+02       0.000000000000e+00       4.082285298958e+06 
       3.498119888116e-02       4.044259922243e+06       4.015721626120e+06       5.844571743037e+02       5.769383204096e+02       0.000000000000e+00       4.014322379291e+06 
       3.515602155828e-02       3.976664691662e+06       3.948008852810e+06       5.689006654445e+02       5.615819252979e+02       0.000000000000e+00       3.946633200263e+06 
       3.533113517416e-02       3.909378680386e+06       3.880606226215e+06       5.536603815058e+02       5.465377101327e+02       0.000000000000e+00       3.879254059965e+06 
       3.550654649745e-02       3.842385250498e+06       3.813497719628e+06       5.387251749034e+02       5.317946507304e+02       0.000000000000e+00       3.812168937268e+06 
       3.568226247696e-02       3.775700018158e+06       3.746698964582e+06       5.240925339565e+02       5.173502783077e+02       0.000000000000e+00       3.745393458257e+06 
       3.585829024733e-02       3.709306328957e+06       3.680193348265e+06       5.097481931102e+02       5.031904685836e+02       0.000000000000e+00       3.678911015904e+06 
       3.603463713494e-02       3.643214622882e+06       3.613991320424e+06       4.956913251387e+02       4.893144340545e+02       0.000000000000e+00       3.612732056313e+06 
       3.621131066405e-02       3.577424005422e+06       3.548091981938e+06       4.819158950886e+02       4.757162175273e+02       0.000000000000e+00       3.546855680677e+06 
       3.638831856316e-02       3.511934319537e+06       3.482495188166e+06       4.684161164290e+02       4.623901070115e+02       0.000000000000e+00       3.481281744401e+06 
       3.656566877164e-02       3.446754815976e+06       3.417210251843e+06       4.551876029859e+02       4.493317728326e+02       0.000000000000e+00       3.416019556973e+06 
       3.674336944664e-02       3.381880145864e+06       3.352231864065e+06       4.422241931032e+02       4.365351328785e+02       0.000000000000e+00       3.351063811337e+06 
       3.692142897025e-02       3.317309468825e+06       3.287559314527e+06       4.295205059630e+02       4.239948816679e+02       0.000000000000e+00       3.286413797434e+06 
       3.709985595696e-02       3.253063452914e+06       3.223213214929e+06       4.170735539780e+02       4.117080553908e+02       0.000000000000e+00       3.222090119779e+06 
       3.727865926146e-02       3.189103208468e+06       3.159154657956e+06       4.048706447992e+02       3.996621169233e+02       0.000000000000e+00       3.158053884613e+06 
       3.745784798670e-02       3.125589121246e+06       3.095544216520e+06       3.929321826400e+02       3.878772054327e+02       0.000000000000e+00       3.094465608890e+06 
       3.763743149237e-02       3.062231088752e+06       3.032091662038e+06       3.812174977736e+02       3.763132739096e+02       0.000000000000e+00       3.031035165165e+06 
       3.781741940365e-02       2.999234288445e+06       2.969001857144e+06       3.697396200276e+02       3.649830428995e+02       0.000000000000e+00       2.967967344680e+06 
       3.799782162037e-02       2.936477789709e+06       2.906154317935e+06       3.584859086334e+02       3.538741217632e+02       0.000000000000e+00       2.905141705515e+06 
       3.817864832660e-02       2.874115726067e+06       2.843703004549e+06       3.474670428148e+02       3.429970027791e+02       0.000000000000e+00       2.842712154156e+06 
       3.835991000062e-02       2.812091928978e+06       2.781591398366e+06       3.366703761455e+02       3.323391928419e+02       0.000000000000e+00       2.780622191676e+06 
       3.854161742529e-02       2.750349846117e+06       2.719763712846e+06       3.260962338425e+02       3.219011401100e+02       0.000000000000e+00       2.718816050977e+06 
       3.872378169893e-02       2.688950948945e+06       2.658280857132e+06       3.157330956633e+02       3.116713190679e+02       0.000000000000e+00       2.657354619971e+06 
       3.890641424668e-02       2.627850452795e+06       2.597098468318e+06       3.055739716447e+02       3.016428744599e+02       0.000000000000e+00       2.596193551208e+06 
       3.908952683236e-02       2.567106149592e+06       2.536273766034e+06       2.956285298695e+02       2.918253768784e+02       0.000000000000e+00       2.535390044383e+06 
       3.927313157082e-02       2.506691174879e+06       2.475780324879e+06       2.858855279902e+02       2.822077117500e+02       0.000000000000e+00       2.474917683299e+06 
       3.945724094093e-02       2.446606131133e+06       2.415618774003e+06       2.763412456498e+02       2.727862077339e+02       0.000000000000e+00       2.414777096885e+06 
       3.964186779913e-02       2.386848459607e+06       2.355786517651e+06       2.669923497305e+02       2.635575808600e+02       0.000000000000e+00       2.354965690291e+06 
       3.982702539363e-02       2.327428957918e+06       2.296294445388e+06       2.578359955695e+02       2.545190202231e+02       0.000000000000e+00       2.295494349284e+06 
       4.001272737920e-02       2.268340813304e+06       2.237135712566e+06       2.488677865112e+02       2.456661860637e+02       0.000000000000e+00       2.236356231599e+06 
       4.019898783280e-02       2.209585617050e+06       2.178311940688e+06       2.400846077214e+02       2.369960061512e+02       0.000000000000e+00       2.177552958175e+06 
       4.038582126981e-02       2.151176917874e+06       2.119836713225e+06       2.314838757532e+02       2.285059241655e+02       0.000000000000e+00       2.119098107746e+06 
       4.057324266117e-02       2.093099474865e+06       2.061694775106e+06       2.230595674579e+02       2.201899880071e+02       0.000000000000e+00       2.060976430557e+06 
       4.076126745125e-02       2.035367795617e+06       2.003900732856e+06       2.148111252122e+02       2.120476568306e+02       0.000000000000e+00       2.003202528043e+06 
       4.094991157667e-02       1.977971780045e+06       1.946444608991e+06       2.067333913482e+02       2.040738347983e+02       0.000000000000e+00       1.945766426192e+06 
       4.113919148604e-02       1.920976584177e+06       1.889391824250e+06       1.988333788941e+02       1.962754551035e+02       0.000000000000e+00       1.888733522945e+06 
       4.132912416067e-02       1.864293540603e+06       1.832653553778e+06       1.910916006032e+02       1.886332508072e+02       0.000000000000e+00       1.832015024399e+06 
       4.151972713634e-02       1.807911746626e+06       1.776218650872e+06       1.835125921677e+02       1.811517690012e+02       0.000000000000e+00       1.775599787738e+06 
       4.171101852623e-02       1.751879886304e+06       1.720135493831e+06       1.760900853136e+02       1.738247300142e+02       0.000000000000e+00       1.719536174399e+06 
       4.190301704494e-02       1.696215209285e+06       1.664421848049e+06       1.688305455746e+02       1.666586011994e+02       0.000000000000e+00       1.663841943585e+06 
       4.209574203387e-02       1.640908587438e+06       1.609068564316e+06       1.617249291003e+02       1.596443963213e+02       0.000000000000e+00       1.608507949271e+06 
       4.228921348786e-02       1.585965188580e+06       1.554080601012e+06       1.547708399899e+02       1.527797504331e+02       0.000000000000e+00       1.553539148109e+06 
       4.248345208333e-02       1.531357702464e+06       1.499431008177e+06       1.479679577504e+02       1.460644079811e+02       0.000000000000e+00       1.498908599531e+06 
       4.267847920785e-02       1.477106725285e+06       1.445139940224e+06       1.413093290366e+02       1.394914388884e+02       0.000000000000e+00       1.444636450923e+06 
       4.287431699141e-02       1.423234562414e+06       1.391230072044e+06       1.347977116649e+02       1.330635869865e+02       0.000000000000e+00       1.390745369277e+06 
       4.307098833935e-02       1.369715480426e+06       1.337675620284e+06       1.284278336705e+02       1.267756536830e+02       0.000000000000e+00       1.337209580220e+06 
       4.326851696715e-02       1.316559929684e+06       1.284487100798e+06       1.221980173226e+02       1.206259813376e+02       0.000000000000e+00       1.284039595941e+06 
       4.346692743720e-02       1.263778373100e+06       1.231675081223e+06       1.161068167065e+02       1.146131429831e+02       0.000000000000e+00       1.231245980395e+06 
       4.366624519763e-02       1.211356670116e+06       1.179225291981e+06       1.101504304519e+02       1.087333858785e+02       0.000000000000e+00       1.178814468975e+06 
       4.386649662342e-02       1.159330803384e+06       1.127174351740e+06       1.043294961111e+02       1.029873304551e+02       0.000000000000e+00       1.126781667585e+06 
       4.406770905985e-02       1.107658214888e+06       1.075479216375e+06       9.863674545192e+01       9.736780646818e+01       0.000000000000e+00       1.075104547101e+06 
       4.426991086857e-02       1.056321865336e+06       1.024123072265e+06       9.307191595085e+01       9.187458393792e+01       0.000000000000e+00       1.023766299761e+06 
       4.447313147637e-02       1.005393315884e+06       9.731769354485e+05       8.763435275278e+01       8.650695852469e+01       0.000000000000e+00       9.728379168539e+05 
       4.467740142698e-02       9.548382880502e+05       9.226071273260e+05       8.232258978419e+01       8.126352931527e+01       0.000000000000e+00       9.222857315162e+05 
       4.488275243588e-02       9.046435828728e+05       8.724002481218e+05       7.713376928746e+01       7.614148002034e+01       0.000000000000e+00       8.720963486417e+05 
       4.508921744868e-02       8.548828140870e+05       8.226335043382e+05       7.206801578096e+01       7.114088059362e+01       0.000000000000e+00       8.223469478112e+05 
       4.529683070302e-02       8.054743846950e+05       7.732182983768e+05       6.711927349246e+01       6.625580150523e+01       0.000000000000e+00       7.729489623285e+05 
       4.550562779444e-02       7.564501308849e+05       7.241900623963e+05       6.228789173142e+01       6.148657413292e+01       0.000000000000e+00       7.239378119904e+05 
       4.571564574650e-02       7.078263799459e+05       6.755651457056e+05       5.757302180949e+01       5.683235871114e+01       0.000000000000e+00       6.753298404069e+05 
       4.592692308537e-02       6.595812282199e+05       6.273217383518e+05       5.297130140784e+01       5.228984167449e+01       0.000000000000e+00       6.271032452251e+05 
       4.613949991947e-02       6.117389351897e+05       5.794840748638e+05       4.848182360957e+01       4.785811838482e+01       0.000000000000e+00       5.792822525273e+05 
       4.635341802424e-02       5.643005040597e+05       5.320531184578e+05       4.410316209538e+01       4.353578441314e+01       0.000000000000e+00       5.318678251938e+05 
       4.656872093277e-02       5.172516420737e+05       4.850149184538e+05       3.983392043843e+01       3.932147324885e+01       0.000000000000e+00       4.848460174048e+05 
       4.678545403259e-02       4.706171429340e+05       4.383941161717e+05       3.567213936785e+01       3.521323134718e+01       0.000000000000e+00       4.382414618921e+05 
       4.700366466911e-02       4.243874387627e+05       3.921813308469e+05       3.161607982831e+01       3.120935014324e+01       0.000000000000e+00       3.920447811592e+05 
       4.722340225641e-02       3.785786257277e+05       3.463926266050e+05       2.766520385542e+01       2.730929763969e+01       0.000000000000e+00       3.462720337330e+05 
       4.744471839587e-02       3.331965929997e+05       3.010340857804e+05       2.381888132038e+01       2.351245760342e+01       0.000000000000e+00       3.009292998272e+05 
       4.766766700334e-02       2.882144399816e+05       2.560784868160e+05       2.007266728529e+01       1.981443729361e+01       0.000000000000e+00       2.559893673715e+05 
       4.789230444574e-02       2.436605882499e+05       2.115545833987e+05       1.642778203786e+01       1.621644598881e+01       0.000000000000e+00       2.114809800307e+05 
       4.811868968760e-02       1.995537710806e+05       1.674811461949e+05       1.288300444137e+01       1.271726777596e+01       0.000000000000e+00       1.674229019289e+05 
       4.834688444884e-02       1.558653824505e+05       1.238295401310e+05       9.435336625430e+00       9.313952253902e+00       0.000000000000e+00       1.237865079711e+05 
       4.857695337447e-02       1.126214585673e+05       8.062604896020e+04       6.085417888314e+00       6.007130722784e+00       0.000000000000e+00       8.059807274983e+04 
       4.880896421754e-02       6.983145165643e+04       3.788032647084e+04       2.831915805330e+00       2.795484293132e+00       0.000000000000e+00       3.786724668736e+04 
       4.904298803637e-02       2.748054206079e+04      -4.422779220669e+03      -3.276558929057e-01      -3.234403449215e-01       0.000000000000e+00      -4.421116818688e+03 
       4.927909940772e-02      -1.441460358147e+04      -4.626610547067e+04      -3.393425337313e+00      -3.349769151239e+00       0.000000000000e+00      -4.624986110811e+04 
       4.951737665707e-02      -5.584434797983e+04      -8.764006802804e+04      -6.366164732828e+00      -6.284264594351e+00       0.000000000000e+00      -8.760940527014e+04 
       4.975790210801e-02      -9.680076636564e+04      -1.285369340912e+05      -9.246964064798e+00      -9.128003608502e+00       0.000000000000e+00      -1.284920191978e+05 
       5.000076235243e-02      -1.372755110448e+05      -1.689474056990e+05      -1.203621812756e+01      -1.188137476221e+01       0.000000000000e+00      -1.688884081745e+05 
       5.024604854374e-02      -1.772750750630e+05      -2.088791030966e+05      -1.473623077961e+01      -1.454665410754e+01       0.000000000000e+00      -2.088061897857e+05 
       5.049385671547e-02      -2.167837824929e+05      -2.483153063475e+05      -1.734677630415e+01      -1.712361422487e+01       0.000000000000e+00      -2.482286499263e+05 
       5.074428812774e-02      -2.557767005889e+05      -2.872327015442e+05      -1.986731122335e+01      -1.961172273555e+01       0.000000000000e+00      -2.871324828078e+05 
       5.099744964486e-02      -2.942771880040e+05      -3.256503320823e+05      -2.230235238316e+01      -2.201543887739e+01       0.000000000000e+00      -3.255367252066e+05 
       5.125345414718e-02      -3.322488877848e+05      -3.635361329143e+05      -2.464880709086e+01      -2.433170833966e+01       0.000000000000e+00      -3.634093232332e+05 
       5.151242098099e-02      -3.696971507017e+05      -4.008936981770e+05      -2.690908832168e+01      -2.656291018420e+01       0.000000000000e+00      -4.007538697795e+05 
       5.177447645083e-02      -4.065946081421e+05      -4.376955862773e+05      -2.908283094340e+01      -2.870868858429e+01       0.000000000000e+00      -4.375429328160e+05 
       5.203975435896e-02      -4.429520453110e+05      -4.739522354895e+05      -3.117157633147e+01      -3.077056289088e+01       0.000000000000e+00      -4.737869469814e+05 
       5.230839659738e-02      -4.787345558765e+05      -5.096285536930e+05      -3.317451562868e+01      -3.274773436734e+01       0.000000000000e+00      -5.094508323854e+05 
       5.258055379880e-02      -5.139364567003e+05      -5.447189663837e+05      -3.509261766398e+01      -3.464116052983e+01       0.000000000000e+00      -5.445290164671e+05 
       5.285638605337e-02      -5.485429169990e+05      -5.792087627568e+05      -3.692618608552e+01      -3.645114323364e+01       0.000000000000e+00      -5.790067935479e+05 
       5.313606369942e-02      -5.825528497608e+05      -6.130960602144e+05      -3.867630513739e+01      -3.817874794741e+01       0.000000000000e+00      -6.128822816898e+05 
       5.341976819740e-02      -6.159229746839e+05      -6.463373183508e+05      -4.034170666994e+01      -3.982272743940e+01       0.000000000000e+00      -6.461119556620e+05 
       5.370769309748e-02      -6.486512055343e+05      -6.789306477447e+05      -4.192289617689e+01      -4.138357565104e+01       0.000000000000e+00      -6.786939267014e+05 
       5.400004511306e-02      -6.807180445678e+05      -7.108561448691e+05      -4.342024987161e+01      -4.286166632349e+01       0.000000000000e+00      -7.106082982192e+05 
       5.429704531415e-02      -7.121059211354e+05      -7.420959727880e+05      -4.483414587855e+01      -4.425737474087e+01       0.000000000000e+00      -7.418372394974e+05 
       5.459893045682e-02      -7.427830555735e+05      -7.726180658480e+05      -4.616330014551e+01      -4.556942916521e+01       0.000000000000e+00      -7.723486960584e+05 
       5.490595446735e-02      -7.727427940034e+05      -8.024153037462e+05      -4.740799941995e+01      -4.679810508228e+01       0.000000000000e+00      -8.021355500828e+05 
       5.521839010298e-02      -8.019230822374e+05      -8.314257645484e+05      -4.856780047571e+01      -4.794298586365e+01       0.000000000000e+00      -8.311359012169e+05 
       5.553653081450e-02      -8.303014582006e+05      -8.596268604106e+05      -4.964172780648e+01      -4.900309958111e+01       0.000000000000e+00      -8.593271694892e+05 
       5.586069284032e-02      -8.578943361348e+05      -8.870342565812e+05      -5.063146803637e+01      -4.998010474277e+01       0.000000000000e+00      -8.867250146917e+05 
       5.619121756681e-02      -8.845945610859e+05      -9.135399962272e+05      -5.153282112167e+01      -5.086986401394e+01       0.000000000000e+00      -9.132215176181e+05 
       5.652847419564e-02      -9.104216974750e+05      -9.391639142192e+05      -5.234779901360e+01      -5.167435579741e+01       0.000000000000e+00      -9.388365062258e+05 
       5.687286276643e-02      -9.353116991377e+05      -9.638413620737e+05      -5.307454642598e+01      -5.239175356349e+01       0.000000000000e+00      -9.635053545642e+05 
       5.722481759160e-02      -9.592388878679e+05      -9.875457471187e+05      -5.371341405540e+01      -5.302240270859e+01       0.000000000000e+00      -9.872014792332e+05 
       5.758481117130e-02      -9.820975242513e+05      -1.010171584922e+06      -5.426006393867e+01      -5.356203016315e+01       0.000000000000e+00      -1.009819432561e+06 
       5.795335866926e-02      -1.003914954750e+06      -1.031744850890e+06      -5.471542802143e+01      -5.401152587871e+01       0.000000000000e+00      -1.031385180907e+06 
       5.833102304617e-02      -1.024573382938e+06      -1.052147957961e+06      -5.507716620009e+01      -5.436860991797e+01       0.000000000000e+00      -1.051781178190e+06 
       5.871842096695e-02      -1.044008846511e+06      -1.071316077888e+06      -5.534335045519e+01      -5.463137260208e+01       0.000000000000e+00      -1.070942618758e+06 
       5.911622962214e-02      -1.062168309778e+06      -1.089194785194e+06      -5.551198236082e+01      -5.479783234262e+01       0.000000000000e+00      -1.088815096108e+06 
       5.952519463317e-02      -1.078963331918e+06      -1.105695719778e+06      -5.558139791014e+01      -5.486635529360e+01       0.000000000000e+00      -1.105310280933e+06 
       5.994613924836e-02      -1.094305925003e+06      -1.120729547188e+06      -5.554890945668e+01      -5.483428607071e+01       0.000000000000e+00      -1.120338869920e+06 
       6.037997508186e-02      -1.108091089636e+06      -1.134190556187e+06      -5.541117100690e+01      -5.469831951774e+01       0.000000000000e+00      -1.133795188675e+06 
       6.082771470547e-02      -1.120197220799e+06      -1.145955296132e+06      -5.516501247949e+01      -5.445533084347e+01       0.000000000000e+00      -1.145555829588e+06 
       6.129048647492e-02      -1.130516777588e+06      -1.155916384297e+06      -5.480740156099e+01      -5.410232038020e+01       0.000000000000e+00      -1.155513447355e+06 
       6.176955206293e-02      -1.138897773031e+06      -1.163919900455e+06      -5.433419159255e+01      -5.363519811550e+01       0.000000000000e+00      -1.163514175399e+06 
       6.226632728641e-02      -1.145186941175e+06      -1.169811209033e+06      -5.374134011280e+01      -5.304997351670e+01       0.000000000000e+00      -1.169403432045e+06 
       6.278240696029e-02      -1.149203915837e+06      -1.173408359017e+06      -5.302403581130e+01      -5.234189711153e+01       0.000000000000e+00      -1.172999329696e+06 
       6.331959469650e-02      -1.150737182372e+06      -1.174498060300e+06      -5.217662436318e+01      -5.150538737587e+01       0.000000000000e+00      -1.174088652587e+06 
       6.387993880222e-02      -1.149559054748e+06      -1.172850711075e+06      -5.119342780274e+01      -5.053483941993e+01       0.000000000000e+00      -1.172441878936e+06 
       6.446577573321e-02      -1.145407201190e+06      -1.168201808279e+06      -5.006804233244e+01      -4.942393185812e+01       0.000000000000e+00      -1.167794597870e+06 
       6.507978294067e-02      -1.137974583711e+06      -1.160241850721e+06      -4.879310121540e+01      -4.816539274934e+01       0.000000000000e+00      -1.159837416073e+06 
       6.572504343562e-02      -1.126920070944e+06      -1.148626990548e+06      -4.736073041056e+01      -4.675144752789e+01       0.000000000000e+00      -1.148226605537e+06 
       6.640512500223e-02      -1.111844016560e+06      -1.132954542198e+06      -4.576255309496e+01      -4.517382940186e+01       0.000000000000e+00      -1.132559621052e+06 
       6.712417774024e-02      -1.092300710470e+06      -1.112775430494e+06      -4.398971434589e+01      -4.342379699434e+01       0.000000000000e+00      -1.112387543963e+06 
       6.788705450871e-02      -1.067736433790e+06      -1.087531787700e+06      -4.203102564281e+01      -4.149030630653e+01       0.000000000000e+00      -1.087152700974e+06 
       6.869945984624e-02      -1.037546473045e+06      -1.056615139409e+06      -3.987598450478e+01      -3.936298879902e+01       0.000000000000e+00      -1.056246829752e+06 
       6.956813393703e-02      -1.001038652712e+06      -1.019327976731e+06      -3.751416514479e+01      -3.703155410448e+01       0.000000000000e+00      -1.018972664521e+06 
       7.050107888251e-02      -9.573790281181e+05      -9.748314694259e+05      -3.493380894485e+01      -3.448439997097e+01       0.000000000000e+00      -9.744916674033e+05 
       7.150783426331e-02      -9.057011881992e+05      -9.222530425743e+05      -3.212492490817e+01      -3.171164482977e+01       0.000000000000e+00      -9.219315676094e+05 
       7.259980637880e-02      -8.449312151646e+05      -8.605129236111e+05      -2.907968455719e+01      -2.870558200865e+01       0.000000000000e+00      -8.602129689154e+05 
       7.379064796419e-02      -7.739089876186e+05      -7.884450309393e+05      -2.579119253767e+01      -2.545939483084e+01       0.000000000000e+00      -7.881701961469e+05 
       7.509666767351e-02      -6.914721241793e+05      -7.048814102999e+05      -2.226305635870e+01      -2.197664912638e+01       0.000000000000e+00      -7.046357021223e+05 
       7.653721270249e-02      -5.964351697727e+05      -6.086342145774e+05      -1.850641449077e+01      -1.826833457612e+01       0.000000000000e+00      -6.084220537268e+05 
       7.813490085724e-02      -4.878316081698e+05      -4.987364382021e+05      -1.455108419645e+01      -1.436388882915e+01       0.000000000000e+00      -4.985625824236e+05 
       7.991546611355e-02      -3.652370925642e+05      -3.747698532371e+05      -1.045271881744e+01      -1.031824984464e+01       0.000000000000e+00      -3.746392060325e+05 
       8.190682409933e-02      -2.292819236790e+05      -2.373806544118e+05      -6.302833516842e+00      -6.221750340725e+00       0.000000000000e+00      -2.372978940426e+05 
       8.413681718524e-02      -8.239542563933e+04      -8.902977350058e+04      -2.240402654949e+00      -2.211580896879e+00       0.000000000000e+00      -8.899872047365e+04 
       8.662915053497e-02       7.031575714010e+04       6.512383082389e+04       1.545461352970e+00       1.525579770747e+00       0.000000000000e+00       6.510115413313e+04 
       8.939763047061e-02       2.203558212749e+05       2.165107857059e+05       4.825223258816e+00       4.763148050710e+00       0.000000000000e+00       2.164353437161e+05 
       9.244020500748e-02       3.559808795863e+05       3.532966263982e+05       7.364061131685e+00       7.269324428930e+00       0.000000000000e+00       3.531735083338e+05 
       9.573583792375e-02       4.637552739881e+05       4.619566612997e+05       8.977467146486e+00       8.861973971435e+00       0.000000000000e+00       4.617956702792e+05 
       9.924702322647e-02       5.314848280537e+05       5.302249970477e+05       9.588026159291e+00       9.464678246958e+00       0.000000000000e+00       5.300402113396e+05 
       1.029276207686e-01       5.514010387300e+05       5.503066627218e+05       9.252268679214e+00       9.133240666071e+00       0.000000000000e+00       5.501148774148e+05 
       1.067321045015e-01       5.221295190844e+05       5.208494027682e+05       8.143863884514e+00       8.039095393279e+00       0.000000000000e+00       5.206678842149e+05 
       1.106220374178e-01       4.487901236590e+05       4.470380477985e+05       6.506878938659e+00       6.423169540761e+00       0.000000000000e+00       4.468822551743e+05 
       1.145683963327e-01       3.415149094228e+05       3.390975148790e+05       4.601582483138e+00       4.542384634257e+00       0.000000000000e+00       3.389793435129e+05 
       1.185509023857e-01       2.134783323777e+05       2.103070452578e+05       2.665385220516e+00       2.631095984576e+00       0.000000000000e+00       2.102337620873e+05 
       1.225561036062e-01       7.878474927624e+04       7.487338749967e+04       8.879243285524e-01       8.765013893005e-01       0.000000000000e+00       7.484730780874e+04 
       1.265753721310e-01      -4.922889023376e+04      -5.377968292700e+04      -5.978952626842e-01      -5.902034980778e-01       0.000000000000e+00      -5.376092258697e+04 
       1.306032909315e-01      -1.592692828866e+05      -1.642914584343e+05      -1.715611677522e+00      -1.693540802806e+00       0.000000000000e+00      -1.642341811708e+05 
       1.346365037480e-01      -2.429635121277e+05      -2.482458870193e+05      -2.439344410073e+00      -2.407963119481e+00       0.000000000000e+00      -2.481593492536e+05 
       1.386729480081e-01      -2.952681996710e+05      -3.005826195345e+05      -2.784147416100e+00      -2.748330016426e+00       0.000000000000e+00      -3.004778413886e+05 
       1.427113624182e-01      -3.145460849369e+05      -3.196695687074e+05      -2.795735804325e+00      -2.759769346036e+00       0.000000000000e+00      -3.195581391139e+05 
       1.467509779395e-01      -3.023358931514e+05      -3.070699526181e+05      -2.539746006980e+00      -2.507072839105e+00       0.000000000000e+00      -3.069629156274e+05 
       1.507913264514e-01      -2.628593250513e+05      -2.670506621976e+05      -2.091968512079e+00      -2.065055847554e+00       0.000000000000e+00      -2.669575746194e+05 
       1.548321232400e-01      -2.023630454494e+05      -2.059102290035e+05      -1.529928677321e+00      -1.510246755238e+00       0.000000000000e+00      -2.058384523159e+05 
       1.588731951793e-01      -1.284066287726e+05      -1.312626522082e+05      -9.263001592301e-01      -9.143835524198e-01       0.000000000000e+00      -1.312168940796e+05 
       1.629144369671e-01      -4.898520172690e+04      -5.116035139083e+04      -3.433457674298e-01      -3.389287181033e-01       0.000000000000e+00      -5.114251286783e+04 
       1.669557845035e-01       2.817946733026e+04       2.662366934068e+04       1.701300963265e-01       1.679414201060e-01       0.000000000000e+00       2.661439643366e+04 
       1.709971987141e-01       9.629629242817e+04       9.525803035309e+04       5.802791710575e-01       5.728140138355e-01       0.000000000000e+00       9.522483520259e+04 
       1.750386557260e-01       1.499475896592e+05       1.492968590875e+05       8.679547006970e-01       8.567886955263e-01       0.000000000000e+00       1.492448289738e+05 
       1.790801409035e-01       1.856354975425e+05       1.852261145377e+05       1.028784711648e+00       1.015549707034e+00       0.000000000000e+00       1.851615615134e+05 
       1.831216452277e-01       2.017369214991e+05       2.014223832589e+05       1.069912159304e+00       1.056148175699e+00       0.000000000000e+00       2.013521851714e+05 
       1.871631630988e-01       1.984452811837e+05       1.980897085634e+05       1.007246824994e+00       9.942888806211e-01       0.000000000000e+00       1.980206721124e+05 
       1.912046910010e-01       1.776804869315e+05       1.771696565779e+05       8.631873836761e-01       8.520827131493e-01       0.000000000000e+00       1.771079117148e+05 
       1.952462266927e-01       1.427890423557e+05       1.420380245771e+05       6.636621092437e-01       6.551242864759e-01       0.000000000000e+00       1.419885246195e+05 
       1.992877687135e-01       9.809650554818e+04       9.705376681774e+04       4.352707249738e-01       4.296710973188e-01       0.000000000000e+00       9.701994578456e+04 
       2.033293160845e-01       4.834637155400e+04       4.699569620544e+04       2.024761841564e-01       1.998713839423e-01       0.000000000000e+00       4.697932248004e+04 
       2.073708681259e-01      -1.707441170545e+03      -3.349436522305e+03      -1.387223142933e-02      -1.369376743095e-02       0.000000000000e+00      -3.348262950519e+03 
       2.114124243461e-01      -4.767889489255e+04      -4.956649983074e+04      -1.975319689307e-01      -1.949907690609e-01       0.000000000000e+00      -4.954921783711e+04 
       2.154539843729e-01      -8.585870459677e+04      -8.792473800698e+04      -3.373785925398e-01      -3.330383391852e-01       0.000000000000e+00      -8.789408678604e+04 
       2.194955479121e-01      -1.134684434078e+05      -1.156307720725e+05      -4.275007657752e-01      -4.220010828985e-01       0.000000000000e+00      -1.155904644209e+05 
       2.235371147216e-01      -1.288678050812e+05      -1.310391433921e+05      -4.671081947587e-01      -4.610989594062e-01       0.000000000000e+00      -1.309934656003e+05 
       2.275786845954e-01      -1.316156530255e+05      -1.337110725195e+05      -4.598534811605e-01      -4.539375825799e-01       0.000000000000e+00      -1.336644637937e+05 
       2.316202573531e-01      -1.224746092148e+05      -1.244187833474e+05      -4.130933857318e-01      -4.077790449906e-01       0.000000000000e+00      -1.243754137245e+05 
       2.356618328340e-01      -1.031699603646e+05      -1.049034785983e+05      -3.364545155794e-01      -3.321261114395e-01       0.000000000000e+00      -1.048669112149e+05 
       2.397034108923e-01      -7.615195962785e+04      -7.763466329868e+04      -2.406699386848e-01      -2.375737825740e-01       0.000000000000e+00      -7.760760055119e+04 
       2.437449913945e-01      -4.433902739566e+04      -4.555317408192e+04      -1.365722099886e-01      -1.348152420702e-01       0.000000000000e+00      -4.553729334605e+04 
       2.477865742177e-01      -1.082693998232e+04      -1.177637804657e+04      -3.416522547283e-02      -3.372570550816e-02       0.000000000000e+00      -1.177227015600e+04 
       2.518281592476e-01       2.134590135404e+04       2.063741153713e+04       5.796421980891e-02       5.721852746976e-02       0.000000000000e+00       2.063022170352e+04 
       2.558697463779e-01       4.946341848907e+04       4.895559255948e+04       1.331929110713e-01       1.314794243697e-01       0.000000000000e+00       4.893853254867e+04 
       2.599113355094e-01       7.135977619535e+04       7.100040396199e+04       1.872085990548e-01       1.848002161705e-01       0.000000000000e+00       7.097566035717e+04 
       2.639529265490e-01       8.558424674145e+04       8.531443935537e+04       2.181161193629e-01       2.153101316857e-01       0.000000000000e+00       8.528470669915e+04 
       2.679945194095e-01       9.147877779168e+04       9.123851997599e+04       2.262779006592e-01       2.233669029452e-01       0.000000000000e+00       9.120672255213e+04 
       2.720361140091e-01       8.914459785394e+04       8.887775610523e+04       2.139213333289e-01       2.111692937534e-01       0.000000000000e+00       8.884678155051e+04 
       2.760777102708e-01       7.937348037017e+04       7.903221067025e+04       1.846966843644e-01       1.823206270725e-01       0.000000000000e+00       7.900466775363e+04 
       2.801193081220e-01       6.350948826135e+04       6.305770743030e+04       1.431397226834e-01       1.412982667879e-01       0.000000000000e+00       6.303573234651e+04 
       2.841609074945e-01       4.332760165757e+04       4.274295124277e+04       9.428620658446e-02       9.307324199715e-02       0.000000000000e+00       4.272805673744e+04 
       2.882025083237e-01       2.084447059402e+04       2.011941359032e+04       4.314568828254e-02       4.259063337936e-02       0.000000000000e+00       2.011240434690e+04 
       2.922441105489e-01      -1.846325170933e+03      -2.705201149175e+03      -5.641882432387e-03      -5.569300827597e-03       0.000000000000e+00      -2.704255075562e+03 
       2.962857141124e-01      -2.278100738826e+04      -2.375442025103e+04      -4.819903014162e-02      -4.757896142785e-02       0.000000000000e+00      -2.374613769162e+04 
       3.003273189599e-01      -4.029073929129e+04      -4.134957784184e+04      -8.165789492568e-02      -8.060739194085e-02       0.000000000000e+00      -4.133516271218e+04 
       3.043689250399e-01      -5.312907854697e+04      -5.423715632021e+04      -1.042820482575e-01      -1.029404852209e-01       0.000000000000e+00      -5.421824943755e+04 
       3.084105323036e-01      -6.053454451482e+04      -6.165314557894e+04      -1.154545864103e-01      -1.139692989551e-01       0.000000000000e+00      -6.163165404246e+04 
       3.124521407049e-01      -6.224890540348e+04      -6.333893586374e+04      -1.155615294393e-01      -1.140748553928e-01       0.000000000000e+00      -6.331685690476e+04 
       3.164937501997e-01      -5.850064513771e+04      -5.952715679410e+04      -1.058524338721e-01      -1.044906686272e-01       0.000000000000e+00      -5.950640655263e+04 
       3.205353607466e-01      -4.996083865040e+04      -5.089535577886e+04      -8.823451214741e-02      -8.709939290640e-02       0.000000000000e+00      -5.087761423245e+04 
       3.245769723060e-01      -3.767286447525e+04      -3.849502293843e+04      -6.508590464708e-02      -6.424859122506e-02       0.000000000000e+00      -3.848160356973e+04 
       3.286185848402e-01      -2.293604460550e+04      -2.363560526893e+04      -3.898363316655e-02      -3.848211579067e-02       0.000000000000e+00      -2.362736515509e+04 
       3.326601983136e-01      -7.172054597409e+03      -7.748376799968e+03      -1.247191938991e-02      -1.231147132716e-02       0.000000000000e+00      -7.745674155509e+03 
       3.367018126921e-01       8.217818077817e+03       7.755932641950e+03       1.218564882443e-02       1.202888399372e-02       0.000000000000e+00       7.753231304589e+03 
       3.407434279433e-01       2.196544362293e+04       2.160125118361e+04       3.313841224867e-02       3.271209516206e-02       0.000000000000e+00       2.159372411757e+04 
       3.447850440363e-01       3.302877536632e+04       3.273939230272e+04       4.905611018283e-02       4.842502321341e-02       0.000000000000e+00       3.272798309756e+04 
       3.488266609418e-01       4.065219235033e+04       4.041100481307e+04       5.915528775766e-02       5.839427102494e-02       0.000000000000e+00       4.039692172102e+04 
       3.528682786316e-01       4.441212135406e+04       4.419118867269e+04       6.321621859541e-02       6.240296389262e-02       0.000000000000e+00       4.417578803692e+04 
       3.569098970790e-01       4.423262107437e+04       4.400503658177e+04       6.153211785499e-02       6.074052476607e-02       0.000000000000e+00       4.398970084832e+04 
       3.609515162583e-01       4.038205170879e+04       4.012414259684e+04       5.485613590431e-02       5.415042754942e-02       0.000000000000e+00       4.011015954387e+04 
       3.649931361452e-01       3.342372646206e+04       3.311675290021e+04       4.427875589110e-02       4.370912205791e-02       0.000000000000e+00       3.310521224259e+04 
       3.690347567162e-01       2.414639232613e+04       2.377778652473e+04       3.109968192003e-02       3.069959234512e-02       0.000000000000e+00       2.376950090947e+04 
       3.730763779489e-01       1.347274709362e+04       1.303670207390e+04       1.668382392113e-02       1.646919065822e-02       0.000000000000e+00       1.303216018827e+04 
       3.771179998221e-01       2.378110242386e+03       1.875680456880e+03       2.349573042535e-03       2.319346921248e-03       0.000000000000e+00       1.875028653247e+03 
       3.811596223152e-01      -8.192433161999e+03      -8.753992691205e+03      -1.073240957091e-02      -1.059434039150e-02       0.000000000000e+00      -8.750939625308e+03 
       3.852012454085e-01      -1.739207377635e+04      -1.800030813883e+04      -2.160803065026e-02      -2.133004893161e-02       0.000000000000e+00      -1.799403237721e+04 
       3.892428690834e-01      -2.453370372283e+04      -2.517219353418e+04      -2.959336020633e-02      -2.921264905479e-02       0.000000000000e+00      -2.516341811773e+04 
       3.932844933218e-01      -2.914740378631e+04      -2.979775060111e+04      -3.431507917534e-02      -3.387362380974e-02       0.000000000000e+00      -2.978736304390e+04 
       3.973261181064e-01      -3.100104085767e+04      -3.164417117584e+04      -3.570387054260e-02      -3.524454955136e-02       0.000000000000e+00      -3.163314013271e+04 
       4.013677434206e-01      -3.012056454674e+04      -3.073861305020e+04      -3.398735910784e-02      -3.355012029174e-02       0.000000000000e+00      -3.072789770644e+04 
       4.054093692484e-01      -2.675369584250e+04      -2.733140438327e+04      -2.962041397316e-02      -2.923935408738e-02       0.000000000000e+00      -2.732187667018e+04 
       4.094509955748e-01      -2.133540794789e+04      -2.186113669136e+04      -2.322681920252e-02      -2.292801212831e-02       0.000000000000e+00      -2.185351566896e+04 
       4.134926223848e-01      -1.444072464068e+04      -1.490723663672e+04      -1.553044780214e-02      -1.533065247227e-02       0.000000000000e+00      -1.490203940701e+04 
       4.175342496644e-01      -6.728349687028e+03      -7.133284179965e+03      -7.288385790165e-03      -7.194622355126e-03       0.000000000000e+00      -7.130796556063e+03 
       4.215758774001e-01       1.109405367021e+03       7.637952443814e+02       7.653823049769e-04       7.555358894281e-04       0.000000000000e+00       7.635303587953e+02 
       4.256175055788e-01       8.410032675257e+03       8.117272544222e+03       7.981480548396e-03       7.878801312947e-03       0.000000000000e+00       8.114444629437e+03 
       4.296591341879e-01       1.459522403825e+04       1.434541130334e+04       1.384152949817e-02       1.366346245012e-02       0.000000000000e+00       1.434041259903e+04 
       4.337007632154e-01       1.921957929529e+04       1.900035702855e+04       1.799284370142e-02       1.776137086925e-02       0.000000000000e+00       1.899373586966e+04 
       4.377423926496e-01       2.199771335509e+04       2.179554989286e+04       2.026048484061e-02       1.999984089970e-02       0.000000000000e+00       2.178795449046e+04 
       4.417840224792e-01       2.281738866845e+04       2.261861756328e+04       2.064256505501e-02       2.037700419859e-02       0.000000000000e+00       2.261073529290e+04 
       4.458256526935e-01       2.173181001302e+04       2.152384191638e+04       1.928875990177e-02       1.904061465544e-02       0.000000000000e+00       2.151634123124e+04 
       4.498672832821e-01       1.894434378175e+04       1.871657657227e+04       1.647338440781e-02       1.626146176561e-02       0.000000000000e+00       1.871005434835e+04 
       4.539089142349e-01       1.478531362602e+04       1.452990356550e+04       1.256145319950e-02       1.239985377081e-02       0.000000000000e+00       1.452484058282e+04 
       4.579505455423e-01       9.681598602588e+03       9.393855605473e+03       7.978485024631e-03       7.875843937741e-03       0.000000000000e+00       9.390582757402e+03 
       4.619921771949e-01       4.113705274977e+03       3.792426487831e+03       3.164892527971e-03       3.124177038806e-03       0.000000000000e+00       3.791105973319e+03 
       4.660338091836e-01      -1.428383164129e+03      -1.781235029544e+03      -1.460868177267e-03      -1.442074430681e-03       0.000000000000e+00      -1.780612895434e+03 
       4.700754414998e-01      -6.490579525471e+03      -6.870115985304e+03      -5.537947093889e-03      -5.466702684457e-03       0.000000000000e+00      -6.867720176474e+03 
       4.741170741351e-01      -1.068822529087e+04      -1.108727309380e+04      -8.785562461293e-03      -8.672538018437e-03       0.000000000000e+00      -1.108340745005e+04 
       4.781587070813e-01      -1.373419184882e+04      -1.414399703447e+04      -1.101901847069e-02      -1.087726117672e-02       0.000000000000e+00      -1.413906602241e+04 
       4.822003403305e-01      -1.544897253415e+04      -1.586008851529e+04      -1.214972207968e-02      -1.199341911101e-02       0.000000000000e+00      -1.585455940709e+04 
       4.862419738753e-01      -1.577201098958e+04      -1.617498782355e+04      -1.218581656724e-02      -1.202904922706e-02       0.000000000000e+00      -1.616934899767e+04 
       4.902836077082e-01      -1.475836810845e+04      -1.514472991923e+04      -1.122232313265e-02      -1.107795081199e-02       0.000000000000e+00      -1.513945022117e+04 
       4.943252418222e-01      -1.257165147883e+04      -1.293439921556e+04      -9.428352921278e-03      -9.307059558119e-03       0.000000000000e+00      -1.292988995012e+04 
       4.983668762104e-01      -9.462806700905e+03      -9.796902883813e+03      -7.025987930414e-03      -6.935600399494e-03       0.000000000000e+00      -9.793487205314e+03 
       5.024085108661e-01      -5.744935128742e+03      -6.047694193138e+03      -4.267685162017e-03      -4.212782493218e-03       0.000000000000e+00      -6.045585305409e+03 
       5.064501457830e-01      -1.758413207572e+03      -2.029524331946e+03      -1.409394631457e-03      -1.391263122613e-03       0.000000000000e+00      -2.028815974376e+03 
       5.104917809547e-01       2.156895771017e+03       1.915491927737e+03       1.309226990013e-03       1.292384092158e-03       0.000000000000e+00       1.914825257931e+03 
       5.145334163753e-01       5.688985473985e+03       5.473340543500e+03       3.682490697291e-03       3.635116789419e-03       0.000000000000e+00       5.471433796704e+03 
       5.185750520389e-01       8.573479939858e+03       8.378099689332e+03       5.549358366845e-03       5.477968163047e-03       0.000000000000e+00       8.375180500718e+03 
       5.226166879399e-01       1.061139222457e+04       1.042976524063e+04       6.801851128239e-03       6.714347886421e-03       0.000000000000e+00       1.042613095455e+04 
       5.266583240727e-01       1.168381902846e+04       1.150900469961e+04       7.390924381772e-03       7.295842784005e-03       0.000000000000e+00       1.150499425176e+04 
       5.306999604321e-01       1.176053926339e+04       1.158574428032e+04       7.327319840026e-03       7.233056833367e-03       0.000000000000e+00       1.158170708712e+04 
       5.347415970130e-01       1.089605930216e+04       1.071518026305e+04       6.674654362937e-03       6.588786870305e-03       0.000000000000e+00       1.071144650135e+04 
       5.387832338102e-01       9.217478367375e+03       9.025542626688e+03       5.538126361887e-03       5.466880298114e-03       0.000000000000e+00       9.022397778430e+03 
       5.428248708189e-01       6.909983910355e+03       6.703483021998e+03       4.052242826593e-03       4.000111626286e-03       0.000000000000e+00       6.701147511836e+03 
       5.468665080345e-01       4.195764403414e+03       3.972853864921e+03       2.366233166977e-03       2.335792210448e-03       0.000000000000e+00       3.971470094292e+03 
       5.509081454524e-01       1.316708401493e+03       1.077243835662e+03       6.322237539385e-04       6.240903390355e-04       0.000000000000e+00       1.076869304167e+03 
       5.549497830681e-01      -1.484500354337e+03      -1.739065324237e+03      -1.005823205589e-03      -9.928834992882e-04       0.000000000000e+00      -1.738458259991e+03 
       5.589914208773e-01      -3.983623027325e+03      -4.250435337294e+03      -2.422925383316e-03      -2.391754992228e-03       0.000000000000e+00      -4.248952965333e+03 
       5.630330588759e-01      -5.993831492316e+03      -6.268994254892e+03      -3.522421935992e-03      -3.477106822444e-03       0.000000000000e+00      -6.266808344233e+03 
       5.670746970598e-01      -7.381789833018e+03      -7.660681067101e+03      -4.243290140377e-03      -4.188701204332e-03       0.000000000000e+00      -7.658010112383e+03 
       5.711163354250e-01      -8.072984825955e+03      -8.350760025999e+03      -4.560287522727e-03      -4.501620499105e-03       0.000000000000e+00      -8.347848569572e+03 
       5.751579739677e-01      -8.054975805192e+03      -8.326907326244e+03      -4.483595871175e-03      -4.425915618748e-03       0.000000000000e+00      -8.324004205104e+03 
       5.791996126842e-01      -7.371740607739e+03      -7.633646574562e+03      -4.053148731234e-03      -4.001006088548e-03       0.000000000000e+00      -7.630985106298e+03 
       5.832412515708e-01      -6.116495148218e+03      -6.365026368608e+03      -3.332890189888e-03      -3.290013367851e-03       0.000000000000e+00      -6.362807089889e+03 
       5.872828906241e-01      -4.422132924848e+03      -4.654977439603e+03      -2.404013048177e-03      -2.373085898564e-03       0.000000000000e+00      -4.653354205703e+03 
       6.102016824202e-01       5.479942396117e+03       5.324559924973e+03       2.547109896882e-03       2.514342036461e-03       0.000000000000e+00       5.322704802020e+03 
       6.347544520656e-01       2.382195605541e+03       2.209697484308e+03       9.768689747917e-04       9.643018212754e-04       0.000000000000e+00       2.208928016445e+03 
       6.612446579459e-01      -4.207424884177e+03      -4.405586446898e+03      -1.794716410377e-03      -1.771627810346e-03       0.000000000000e+00      -4.404050262080e+03 
       6.900771312847e-01       1.385580015121e+03       1.241985048770e+03       4.645528441967e-04       4.585765160785e-04       0.000000000000e+00       1.241552737795e+03 
       7.218076445434e-01       1.618156148468e+03       1.481655403801e+03       5.065521684087e-04       5.000355441906e-04       0.000000000000e+00       1.481139536093e+03 
       7.572258733921e-01      -1.904522808137e+03      -2.048588683919e+03      -6.363871968405e-04      -6.282002273194e-04       0.000000000000e+00      -2.047874163985e+03 
       7.975016352404e-01       1.749284608519e+03       1.640408166708e+03       4.594129759772e-04       4.535027301661e-04       0.000000000000e+00       1.639836865683e+03 
       8.444589090377e-01      -1.024996000546e+03      -1.139947189160e+03      -2.847399557086e-04      -2.810768890647e-04       0.000000000000e+00      -1.139549458997e+03 
       9.011272118935e-01       4.773826048609e+02       3.834815586867e+02       8.411686762833e-05       8.303472483622e-05       0.000000000000e+00       3.833482642740e+02 
       9.729422607708e-01       5.268751898569e+02       4.467946545324e+02       8.407029390479e-05       8.298875846230e-05       0.000000000000e+00       4.466392418074e+02 
       1.070550984709e+00       2.823181042968e+02       2.138626023275e+02       3.323837077659e-05       3.281077312320e-05       0.000000000000e+00       2.137883268517e+02 
       1.216244332801e+00       1.090864101008e+01      -4.455802976911e+01      -5.365469173309e-06      -5.296443876409e-06       0.000000000000e+00      -4.454228989759e+01 
       1.451792577069e+00       4.175819537240e+01       1.831441739198e+00       1.547302155076e-07       1.527396432274e-07       0.000000000000e+00       1.830954989357e+00 
       1.809172789810e+00       2.714778463756e+01       5.110798009740e-01       2.780513114293e-08       2.744742282339e-08       0.000000000000e+00       5.110027802530e-01 
